X,Y,Z,layer,Well Name,feature1,feature2,feature3,feature4
1745.0,52.79,-0.0,1,BH1,-1.8,-2.25,-11.59,0.51
1745.0,52.79,-10.02,1,BH1,-1.3,1.55,-12.53,-1.92
1745.0,52.79,-20.03,1,BH1,1.13,-3.15,-8.01,-3.68
1745.0,52.79,-30.05,1,BH1,-2.36,0.13,-5.6,1.18
1745.0,52.79,-40.07,1,BH1,-6.74,2.15,-16.21,-1.69
1745.0,52.79,-50.08,1,BH1,-0.83,5.03,-3.12,3.06
1745.0,52.79,-60.1,1,BH1,-0.77,-3.94,-14.39,-5.84
1745.0,52.79,-70.12,1,BH1,2.8,0.62,-6.84,2.41
1745.0,52.79,-80.13,1,BH1,-1.8,0.69,-10.81,-5.22
1745.0,52.79,-90.15,1,BH1,-4.81,-2.23,-6.67,3.08
1745.0,52.79,-100.17,1,BH1,5.98,-1.28,-9.96,-3.27
1745.0,52.79,-110.18,1,BH1,-2.23,-0.06,-10.29,-1.99
1745.0,52.79,-120.2,1,BH1,-2.65,-1.32,-11.21,-3.8
1745.0,52.79,-130.22,1,BH1,1.5,-0.41,-8.13,-7.58
1745.0,52.79,-140.23,1,BH1,-0.05,-1.09,-19.38,-0.62
1745.0,52.79,-150.25,1,BH1,-2.16,-2.06,-15.23,-1.58
1745.0,52.79,-160.27,1,BH1,-4.24,0.38,-11.83,-1.63
1745.0,52.79,-170.28,1,BH1,-4.07,0.78,-14.22,-0.12
1745.0,52.79,-180.3,1,BH1,-7.81,4.09,-8.52,-2.64
1745.0,52.79,-190.32,1,BH1,-3.65,-4.32,-2.52,-2.31
1745.0,52.79,-200.33,1,BH1,-2.28,-1.24,-14.73,-4.27
1745.0,52.79,-210.35,1,BH1,-3.22,-1.0,-11.28,1.67
1745.0,52.79,-220.37,1,BH1,-1.63,0.31,-8.7,-2.89
1745.0,52.79,-230.39,1,BH1,-7.28,-3.96,-11.59,1.23
1745.0,52.79,-240.4,1,BH1,0.97,1.56,-8.95,2.1
1745.0,52.79,-250.42,1,BH1,-5.04,1.25,-11.49,-0.24
1745.0,52.79,-260.44,1,BH1,-2.5,2.27,-7.16,3.68
1745.0,52.79,-270.45,1,BH1,-3.63,-7.4,-8.2,3.61
1745.0,52.79,-280.47,1,BH1,0.3,-3.67,-8.7,-1.94
1745.0,52.79,-290.49,1,BH1,1.39,-1.36,-9.64,-4.41
1745.0,52.79,-300.5,1,BH1,0.33,-3.16,-10.36,-1.95
1745.0,52.79,-310.52,1,BH1,2.03,-5.47,-13.3,2.9
1745.0,52.79,-320.54,1,BH1,-4.84,5.9,-11.11,0.2
1745.0,52.79,-330.55,1,BH1,-3.47,1.6,-7.58,-3.68
1745.0,52.79,-340.57,1,BH1,-1.12,-3.01,-6.2,-5.31
1745.0,52.79,-350.59,1,BH1,-5.67,1.03,-11.95,0.79
1745.0,52.79,-360.6,1,BH1,-1.51,1.26,-13.35,0.82
1745.0,52.79,-370.62,1,BH1,-7.84,0.1,-7.61,-3.5
1745.0,52.79,-380.64,1,BH1,-5.09,0.58,-12.98,-0.6
1745.0,52.79,-390.65,1,BH1,-4.1,1.64,-5.92,1.07
1745.0,52.79,-400.67,1,BH1,-0.68,0.98,-4.27,-0.14
1745.0,52.79,-410.69,1,BH1,-4.06,-0.67,-7.72,-0.22
1745.0,52.79,-420.7,1,BH1,-0.7,-2.14,-14.32,-5.58
1745.0,52.79,-430.72,1,BH1,-0.47,1.87,-2.47,1.8
1745.0,52.79,-440.74,1,BH1,1.09,-3.75,-12.83,-4.85
1745.0,52.79,-450.75,1,BH1,-1.33,-6.32,-8.91,0.14
1745.0,52.79,-460.77,1,BH1,0.09,-2.53,-10.87,1.86
1745.0,52.79,-470.79,1,BH1,3.06,-4.7,-5.45,4.58
1745.0,52.79,-480.8,1,BH1,1.54,0.61,-16.84,2.06
1745.0,52.79,-490.82,1,BH1,-5.04,1.76,-7.78,1.74
1745.0,52.79,-500.84,1,BH1,-5.52,5.37,-12.99,0.6
1745.0,52.79,-510.85,1,BH1,-3.87,1.88,-6.19,-0.05
1745.0,52.79,-520.87,2,BH1,9.88,7.24,4.32,-4.48
1745.0,52.79,-530.89,2,BH1,9.68,10.56,8.0,-10.27
1745.0,52.79,-540.9,2,BH1,10.05,5.02,4.19,-13.15
1745.0,52.79,-550.92,2,BH1,10.54,11.69,8.0,-9.69
1745.0,52.79,-560.94,2,BH1,18.16,8.69,8.03,-9.11
1745.0,52.79,-570.95,2,BH1,1.95,7.65,1.41,-4.62
1745.0,52.79,-580.97,2,BH1,8.74,11.47,5.33,-5.17
1745.0,52.79,-590.99,2,BH1,8.98,5.32,4.73,-10.33
1745.0,52.79,-601.01,2,BH1,9.01,10.18,3.08,-5.11
1745.0,52.79,-611.02,2,BH1,5.27,8.73,3.87,-11.31
1745.0,52.79,-621.04,2,BH1,9.52,6.2,7.09,-7.63
1745.0,52.79,-631.06,2,BH1,13.77,6.49,5.36,-8.41
1745.0,52.79,-641.07,2,BH1,7.78,12.85,4.38,-3.64
1745.0,52.79,-651.09,2,BH1,9.34,5.83,6.76,4.06
1745.0,52.79,-661.11,2,BH1,3.97,0.75,5.7,-7.64
1745.0,52.79,-671.12,2,BH1,14.56,6.75,4.89,-2.44
1745.0,52.79,-681.14,2,BH1,8.41,8.13,8.29,-4.99
1745.0,52.79,-691.16,2,BH1,10.62,1.7,5.9,-10.54
1745.0,52.79,-701.17,2,BH1,12.15,8.36,6.25,-2.9
1745.0,52.79,-711.19,3,BH1,12.82,8.42,-5.87,7.77
1745.0,52.79,-721.21,3,BH1,7.78,5.98,-7.35,6.77
1745.0,52.79,-731.22,3,BH1,9.81,4.83,-11.04,6.42
1745.0,52.79,-741.24,3,BH1,1.99,5.38,-10.82,2.48
1745.0,52.79,-751.26,3,BH1,9.93,6.06,-4.11,1.43
1745.0,52.79,-761.27,3,BH1,8.73,8.47,-5.18,7.99
1745.0,52.79,-771.29,3,BH1,9.89,7.8,-7.33,0.34
1745.0,52.79,-781.31,3,BH1,10.6,3.9,-3.72,3.14
1745.0,52.79,-791.32,3,BH1,8.66,5.18,-9.87,7.17
1745.0,52.79,-801.34,3,BH1,6.03,3.51,-4.76,4.84
1745.0,52.79,-811.36,3,BH1,4.38,4.24,-9.24,-0.33
1745.0,52.79,-821.37,3,BH1,5.49,5.97,-4.95,-0.39
1745.0,52.79,-831.39,3,BH1,9.43,11.09,-6.92,1.59
1745.0,52.79,-841.41,3,BH1,4.62,11.66,-2.9,0.18
1745.0,52.79,-851.42,3,BH1,7.41,6.5,-9.84,0.22
1745.0,52.79,-861.44,3,BH1,9.92,9.24,-8.02,9.24
1745.0,52.79,-871.46,3,BH1,7.46,5.32,-8.16,4.81
1745.0,52.79,-881.47,3,BH1,3.46,5.93,-4.07,-0.59
1745.0,52.79,-891.49,3,BH1,12.29,7.99,-6.65,6.44
1745.0,52.79,-901.51,4,BH1,-4.39,-3.41,-3.36,-8.04
1745.0,52.79,-911.52,4,BH1,-5.31,-6.82,-3.7,-7.1
1745.0,52.79,-921.54,4,BH1,-10.57,-9.64,-4.06,-4.4
1745.0,52.79,-931.56,4,BH1,-7.45,-4.04,-1.04,-4.84
1745.0,52.79,-941.57,4,BH1,-7.03,-13.1,-1.14,-4.21
1745.0,52.79,-951.59,4,BH1,-10.32,-4.04,-8.1,-6.06
1745.0,52.79,-961.61,4,BH1,-8.53,-9.74,3.04,-17.02
1745.0,52.79,-971.62,4,BH1,-5.46,-12.15,-2.73,0.01
1745.0,52.79,-981.64,4,BH1,-6.63,-7.92,-6.45,-7.33
1745.0,52.79,-991.66,4,BH1,-10.76,-5.69,-0.91,-5.28
1745.0,52.79,-1001.67,4,BH1,-8.61,-7.74,0.48,-8.99
1745.0,52.79,-1011.69,4,BH1,-11.79,-7.12,2.85,-13.41
1745.0,52.79,-1021.71,4,BH1,-12.16,-11.77,-3.75,-5.32
1745.0,52.79,-1031.73,4,BH1,-4.76,-3.16,-3.86,-7.26
1745.0,52.79,-1041.74,4,BH1,-13.78,-5.98,-0.14,-6.8
1745.0,52.79,-1051.76,4,BH1,-8.95,-9.63,-11.92,-7.32
1745.0,52.79,-1061.78,4,BH1,-9.51,-11.02,1.76,-2.46
1745.0,52.79,-1071.79,4,BH1,-9.74,-12.37,-5.82,-6.75
1745.0,52.79,-1081.81,4,BH1,-8.78,-4.48,-0.31,-1.66
1745.0,52.79,-1091.83,0,BH1,-4.77,-10.31,-2.89,7.07
1745.0,52.79,-1101.84,0,BH1,-4.42,-8.0,-3.68,2.5
1745.0,52.79,-1111.86,0,BH1,-3.6,-12.0,1.51,6.51
1745.0,52.79,-1121.88,0,BH1,-4.43,-15.15,0.13,4.57
1745.0,52.79,-1131.89,0,BH1,-4.1,-12.59,-1.53,9.13
1745.0,52.79,-1141.91,0,BH1,-1.48,-9.7,2.37,-0.49
1745.0,52.79,-1151.93,0,BH1,-1.34,-9.17,0.71,3.6
1745.0,52.79,-1161.94,0,BH1,-10.96,-5.4,0.79,9.96
1745.0,52.79,-1171.96,0,BH1,-2.58,-2.78,4.01,1.19
1745.0,52.79,-1181.98,0,BH1,-10.27,-7.97,2.35,1.94
1745.0,52.79,-1191.99,0,BH1,-12.24,-15.0,-2.8,6.47
1745.0,52.79,-1202.01,0,BH1,-5.37,-8.72,0.25,5.57
1745.0,52.79,-1212.03,0,BH1,-10.51,-11.91,-0.68,4.73
1745.0,52.79,-1222.04,0,BH1,-11.91,-11.81,-0.92,5.58
1745.0,52.79,-1232.06,0,BH1,-6.96,-11.58,2.4,5.02
1745.0,52.79,-1242.08,0,BH1,-6.26,-8.84,-3.2,6.92
1745.0,52.79,-1252.09,0,BH1,-0.81,-7.66,0.39,1.42
1745.0,52.79,-1262.11,0,BH1,0.74,-9.96,4.34,4.44
1745.0,52.79,-1272.13,0,BH1,-7.94,-11.0,1.06,3.57
1745.0,52.79,-1282.14,0,BH1,-9.68,-13.55,-5.65,6.98
1745.0,52.79,-1292.16,0,BH1,-8.98,-10.0,-2.3,3.74
1745.0,52.79,-1302.18,0,BH1,-3.85,-8.09,-4.43,6.91
1745.0,52.79,-1312.19,0,BH1,-6.35,-7.69,-2.04,10.54
1745.0,52.79,-1322.21,0,BH1,-6.7,-7.4,2.96,8.36
1745.0,52.79,-1332.23,0,BH1,-5.93,-3.96,1.5,4.63
1745.0,52.79,-1342.24,0,BH1,-4.73,-9.14,2.06,5.43
1745.0,52.79,-1352.26,0,BH1,-5.54,-11.7,0.37,4.97
1745.0,52.79,-1362.28,0,BH1,-10.85,-15.52,2.08,4.33
1745.0,52.79,-1372.29,0,BH1,-3.47,-3.25,-2.66,5.2
1745.0,52.79,-1382.31,0,BH1,-4.97,-6.08,1.61,5.29
1745.0,52.79,-1392.33,0,BH1,-3.0,-8.46,4.79,5.29
1745.0,52.79,-1402.34,0,BH1,-8.23,-13.88,-7.65,-3.73
1745.0,52.79,-1412.36,0,BH1,-8.09,-4.33,-0.22,1.35
1745.0,52.79,-1422.38,0,BH1,-5.5,-11.6,0.47,5.14
1745.0,52.79,-1432.4,0,BH1,-5.59,-8.54,-2.94,-0.25
1745.0,52.79,-1442.41,0,BH1,-6.94,-7.22,-1.04,10.21
1745.0,52.79,-1452.43,0,BH1,-4.88,-14.28,3.88,5.62
1745.0,52.79,-1462.45,0,BH1,-3.89,-9.06,-1.26,5.61
1745.0,52.79,-1472.46,0,BH1,-10.75,-10.15,5.08,8.53
1745.0,52.79,-1482.48,0,BH1,-9.84,-9.11,-1.67,9.29
1745.0,52.79,-1492.5,0,BH1,-4.67,-8.64,-2.74,5.47
1745.0,52.79,-1502.51,0,BH1,-10.99,-8.95,-0.18,10.0
1745.0,52.79,-1512.53,0,BH1,-2.97,-9.32,0.62,4.5
1745.0,52.79,-1522.55,0,BH1,-11.88,-4.87,-0.45,4.56
1745.0,52.79,-1532.56,0,BH1,-1.21,-11.79,-0.2,6.01
1745.0,52.79,-1542.58,0,BH1,-6.68,-7.11,-0.51,8.79
1745.0,52.79,-1552.6,0,BH1,-7.04,-16.22,3.63,8.52
1745.0,52.79,-1562.61,0,BH1,-4.69,-9.98,-1.11,6.46
1745.0,52.79,-1572.63,0,BH1,-8.48,-10.69,-1.29,3.29
1745.0,52.79,-1582.65,0,BH1,-4.69,-10.82,0.33,6.36
1745.0,52.79,-1592.66,0,BH1,-5.93,-12.05,-0.97,7.3
1745.0,52.79,-1602.68,0,BH1,-10.09,-12.63,-1.22,11.04
1745.0,52.79,-1612.7,0,BH1,-4.23,-9.14,0.43,2.27
1745.0,52.79,-1622.71,0,BH1,-3.37,-7.92,1.99,-1.97
1745.0,52.79,-1632.73,0,BH1,-12.05,-8.87,2.24,0.75
1745.0,52.79,-1642.75,0,BH1,-8.61,-13.05,-0.29,1.98
1745.0,52.79,-1652.76,0,BH1,-2.84,-8.39,-0.82,5.85
1745.0,52.79,-1662.78,0,BH1,-0.22,-4.73,-0.64,10.96
1745.0,52.79,-1672.8,0,BH1,-2.51,-8.65,-4.2,3.05
1745.0,52.79,-1682.81,0,BH1,-6.26,-8.37,0.99,-0.84
1745.0,52.79,-1692.83,0,BH1,-5.72,-4.25,-4.32,0.81
1745.0,52.79,-1702.85,0,BH1,-1.32,-8.37,-1.69,5.74
1745.0,52.79,-1712.86,0,BH1,-8.88,-13.99,-2.68,0.62
1745.0,52.79,-1722.88,0,BH1,-4.56,-11.28,-3.75,8.42
1745.0,52.79,-1732.9,0,BH1,-5.3,-6.99,1.15,6.6
1745.0,52.79,-1742.91,0,BH1,-6.9,-7.09,-0.07,7.86
1745.0,52.79,-1752.93,0,BH1,-5.64,-11.97,-1.62,6.72
1745.0,52.79,-1762.95,0,BH1,-4.85,-10.58,3.53,-0.98
1745.0,52.79,-1772.96,0,BH1,-9.06,-8.97,-4.93,0.96
1745.0,52.79,-1782.98,0,BH1,-5.21,-16.59,-2.42,5.26
1745.0,52.79,-1793.0,0,BH1,-6.71,-3.9,0.07,2.49
1745.0,52.79,-1803.02,0,BH1,-4.42,-9.66,-5.13,3.87
1745.0,52.79,-1813.03,0,BH1,-4.64,-4.9,-0.07,3.12
1745.0,52.79,-1823.05,0,BH1,-4.41,-8.43,1.28,7.63
1745.0,52.79,-1833.07,0,BH1,-8.87,-15.46,-0.41,-1.36
1745.0,52.79,-1843.08,0,BH1,-3.09,-12.46,-10.82,2.07
1745.0,52.79,-1853.1,0,BH1,1.68,-8.7,-1.25,4.87
1745.0,52.79,-1863.12,0,BH1,-5.97,-9.62,1.12,4.07
1745.0,52.79,-1873.13,0,BH1,-1.53,-14.56,-4.42,3.64
1745.0,52.79,-1883.15,0,BH1,-7.44,-9.56,-3.59,4.18
1745.0,52.79,-1893.17,0,BH1,-9.64,-10.71,1.86,1.65
1745.0,52.79,-1903.18,0,BH1,-8.08,-12.69,1.07,11.07
1745.0,52.79,-1913.2,0,BH1,-8.22,-10.29,-4.34,2.0
1745.0,52.79,-1923.22,0,BH1,-10.24,-11.24,0.14,8.21
1745.0,52.79,-1933.23,0,BH1,-0.35,-3.21,-5.02,4.13
1745.0,52.79,-1943.25,0,BH1,-6.4,-11.46,1.62,4.31
1745.0,52.79,-1953.27,0,BH1,-11.45,-13.17,1.06,6.59
1745.0,52.79,-1963.28,0,BH1,-7.93,-11.54,-4.22,7.1
1745.0,52.79,-1973.3,0,BH1,-3.44,-8.11,-4.04,3.63
1745.0,52.79,-1983.32,0,BH1,-2.93,-12.71,-4.29,4.14
1745.0,52.79,-1993.33,0,BH1,-11.57,-4.79,0.92,5.46
1565.0,84.26,-0.0,1,BH2,-3.69,0.21,-18.17,5.94
1565.0,84.26,-10.02,1,BH2,-1.2,-1.26,-3.97,-4.5
1565.0,84.26,-20.03,1,BH2,0.41,-3.1,-5.23,-1.99
1565.0,84.26,-30.05,1,BH2,2.52,-6.16,-8.0,1.42
1565.0,84.26,-40.07,1,BH2,-5.84,1.41,-8.61,4.51
1565.0,84.26,-50.08,1,BH2,-4.3,0.6,-9.5,-2.76
1565.0,84.26,-60.1,1,BH2,-5.81,-2.01,-10.2,-1.64
1565.0,84.26,-70.12,1,BH2,-3.71,-0.21,-10.49,-1.45
1565.0,84.26,-80.13,1,BH2,3.13,0.79,-12.49,3.59
1565.0,84.26,-90.15,1,BH2,3.37,-9.56,-11.83,-2.9
1565.0,84.26,-100.17,1,BH2,-4.33,1.86,-6.33,-5.04
1565.0,84.26,-110.18,1,BH2,-3.85,4.46,-12.54,3.17
1565.0,84.26,-120.2,1,BH2,3.88,2.57,-11.49,-1.8
1565.0,84.26,-130.22,1,BH2,3.61,-5.84,-8.44,-0.57
1565.0,84.26,-140.23,1,BH2,-4.09,-2.33,-4.37,2.76
1565.0,84.26,-150.25,1,BH2,-2.87,-0.21,-8.25,-0.6
1565.0,84.26,-160.27,1,BH2,2.86,-2.21,-6.3,0.55
1565.0,84.26,-170.28,1,BH2,3.45,-0.01,-11.09,1.58
1565.0,84.26,-180.3,1,BH2,-2.37,2.08,-13.63,1.89
1565.0,84.26,-190.32,1,BH2,-4.18,-5.42,-12.39,-1.21
1565.0,84.26,-200.33,1,BH2,-3.96,-0.55,-16.79,0.68
1565.0,84.26,-210.35,1,BH2,0.01,-2.96,-9.65,3.21
1565.0,84.26,-220.37,1,BH2,0.21,1.13,-9.79,-4.02
1565.0,84.26,-230.39,1,BH2,-8.2,-2.61,-10.78,-3.11
1565.0,84.26,-240.4,1,BH2,-8.88,4.03,-9.59,-0.05
1565.0,84.26,-250.42,1,BH2,-0.97,-4.08,-11.13,-3.43
1565.0,84.26,-260.44,1,BH2,0.06,5.22,-12.2,-0.51
1565.0,84.26,-270.45,1,BH2,2.74,1.69,-9.96,-1.75
1565.0,84.26,-280.47,1,BH2,1.38,-4.7,-10.45,-0.02
1565.0,84.26,-290.49,1,BH2,0.31,5.14,-12.42,-3.52
1565.0,84.26,-300.5,1,BH2,-2.33,-2.11,-10.51,-0.68
1565.0,84.26,-310.52,1,BH2,2.52,-0.8,-7.78,-0.6
1565.0,84.26,-320.54,1,BH2,-4.39,7.89,-12.72,-1.25
1565.0,84.26,-330.55,1,BH2,-4.16,-2.35,-11.84,-1.75
1565.0,84.26,-340.57,1,BH2,-3.12,-4.23,-9.96,0.38
1565.0,84.26,-350.59,1,BH2,5.04,-1.34,-8.2,-0.76
1565.0,84.26,-360.6,1,BH2,-4.18,2.38,-10.13,1.58
1565.0,84.26,-370.62,1,BH2,-1.93,3.22,-9.63,2.8
1565.0,84.26,-380.64,1,BH2,0.76,-1.29,-7.59,-2.61
1565.0,84.26,-390.65,1,BH2,3.49,5.52,-13.47,-2.12
1565.0,84.26,-400.67,1,BH2,-9.15,-1.88,-9.4,6.21
1565.0,84.26,-410.69,1,BH2,0.49,0.61,-10.21,-2.96
1565.0,84.26,-420.7,1,BH2,-2.53,-0.51,-10.78,-2.86
1565.0,84.26,-430.72,1,BH2,-3.09,-4.68,-12.37,1.67
1565.0,84.26,-440.74,1,BH2,2.83,-1.02,-9.84,4.51
1565.0,84.26,-450.75,1,BH2,-0.92,-3.17,-12.73,1.98
1565.0,84.26,-460.77,1,BH2,-3.14,0.23,-6.52,-3.3
1565.0,84.26,-470.79,1,BH2,-1.95,-0.03,-2.18,2.69
1565.0,84.26,-480.8,1,BH2,-4.35,0.29,-10.57,2.06
1565.0,84.26,-490.82,1,BH2,0.56,3.53,-13.33,2.65
1565.0,84.26,-500.84,2,BH2,4.68,5.26,6.12,-9.95
1565.0,84.26,-510.85,2,BH2,8.74,10.0,1.23,-13.13
1565.0,84.26,-520.87,2,BH2,6.38,6.69,2.46,-9.92
1565.0,84.26,-530.89,2,BH2,10.21,5.97,3.97,-10.34
1565.0,84.26,-540.9,2,BH2,6.45,5.28,1.95,-6.16
1565.0,84.26,-550.92,2,BH2,7.16,7.19,-0.13,-13.11
1565.0,84.26,-560.94,2,BH2,5.48,3.28,4.56,-6.16
1565.0,84.26,-570.95,2,BH2,8.41,8.94,3.65,-12.01
1565.0,84.26,-580.97,2,BH2,13.23,9.88,2.88,-6.88
1565.0,84.26,-590.99,2,BH2,8.91,2.78,-1.09,-9.33
1565.0,84.26,-601.01,2,BH2,11.25,8.05,8.36,-7.14
1565.0,84.26,-611.02,2,BH2,16.22,11.23,3.25,-7.65
1565.0,84.26,-621.04,2,BH2,14.47,6.17,7.66,-11.25
1565.0,84.26,-631.06,2,BH2,16.96,4.7,6.42,-5.88
1565.0,84.26,-641.07,2,BH2,6.24,8.44,0.22,-5.38
1565.0,84.26,-651.09,2,BH2,11.49,7.58,1.73,-5.46
1565.0,84.26,-661.11,2,BH2,7.06,6.22,6.7,-6.3
1565.0,84.26,-671.12,2,BH2,11.78,5.63,1.79,-4.1
1565.0,84.26,-681.14,2,BH2,14.5,7.33,4.02,-3.68
1565.0,84.26,-691.16,3,BH2,10.92,7.0,-3.31,5.38
1565.0,84.26,-701.17,3,BH2,6.52,6.32,-4.17,3.87
1565.0,84.26,-711.19,3,BH2,3.61,8.58,-9.15,3.15
1565.0,84.26,-721.21,3,BH2,5.01,5.47,-8.77,1.77
1565.0,84.26,-731.22,3,BH2,7.04,9.41,-6.43,1.27
1565.0,84.26,-741.24,3,BH2,10.34,9.45,-6.08,2.89
1565.0,84.26,-751.26,3,BH2,0.42,7.2,-7.7,2.58
1565.0,84.26,-761.27,3,BH2,9.73,6.35,-3.59,1.38
1565.0,84.26,-771.29,3,BH2,7.88,9.59,-0.83,3.57
1565.0,84.26,-781.31,3,BH2,4.99,6.91,-6.75,4.26
1565.0,84.26,-791.32,3,BH2,10.48,6.03,-5.49,1.65
1565.0,84.26,-801.34,3,BH2,8.29,6.82,-2.95,2.71
1565.0,84.26,-811.36,3,BH2,6.21,6.5,-11.8,0.7
1565.0,84.26,-821.37,3,BH2,7.0,8.17,-4.61,4.63
1565.0,84.26,-831.39,3,BH2,12.71,8.76,-4.56,-4.73
1565.0,84.26,-841.41,3,BH2,11.72,7.66,-8.45,-1.82
1565.0,84.26,-851.42,3,BH2,5.97,10.04,-8.45,2.85
1565.0,84.26,-861.44,3,BH2,5.43,11.11,-6.47,0.66
1565.0,84.26,-871.46,4,BH2,-11.57,-5.66,-3.4,-4.58
1565.0,84.26,-881.47,4,BH2,-9.55,-9.78,-6.6,-2.77
1565.0,84.26,-891.49,4,BH2,-13.24,-8.81,-5.54,-6.15
1565.0,84.26,-901.51,4,BH2,-12.7,-4.42,-5.6,-3.86
1565.0,84.26,-911.52,4,BH2,-10.88,-9.11,-4.78,-3.97
1565.0,84.26,-921.54,4,BH2,-8.18,-6.37,2.14,-4.9
1565.0,84.26,-931.56,4,BH2,-10.89,-5.94,-3.05,-6.95
1565.0,84.26,-941.57,4,BH2,-5.6,-5.55,-5.54,-5.72
1565.0,84.26,-951.59,4,BH2,-5.49,-6.57,-3.37,-8.28
1565.0,84.26,-961.61,4,BH2,-7.26,-8.27,-1.5,-7.17
1565.0,84.26,-971.62,4,BH2,-6.3,-10.53,-5.05,-7.69
1565.0,84.26,-981.64,4,BH2,-10.19,-7.31,1.04,-6.52
1565.0,84.26,-991.66,4,BH2,-10.19,-13.48,0.17,-4.45
1565.0,84.26,-1001.67,4,BH2,-10.82,-6.86,-3.92,-6.1
1565.0,84.26,-1011.69,4,BH2,-12.38,-12.45,-6.5,-7.46
1565.0,84.26,-1021.71,4,BH2,-9.68,-6.47,-0.02,-7.02
1565.0,84.26,-1031.73,4,BH2,-10.51,-13.3,-4.59,-5.22
1565.0,84.26,-1041.74,4,BH2,-7.87,-14.71,-2.83,-5.02
1565.0,84.26,-1051.76,4,BH2,-11.69,-10.19,-8.21,0.63
1565.0,84.26,-1061.78,4,BH2,-9.35,-8.93,-2.02,-3.48
1565.0,84.26,-1071.79,0,BH2,-10.53,-14.99,2.11,3.07
1565.0,84.26,-1081.81,0,BH2,-9.78,-9.56,-2.01,4.1
1565.0,84.26,-1091.83,0,BH2,-4.85,-12.49,-3.28,5.98
1565.0,84.26,-1101.84,0,BH2,-7.6,-7.53,1.35,2.84
1565.0,84.26,-1111.86,0,BH2,-6.0,-11.26,-5.95,2.49
1565.0,84.26,-1121.88,0,BH2,-2.16,-11.47,-1.33,5.0
1565.0,84.26,-1131.89,0,BH2,-3.19,-12.8,-0.08,4.85
1565.0,84.26,-1141.91,0,BH2,-3.07,-8.6,2.25,4.47
1565.0,84.26,-1151.93,0,BH2,0.21,-9.72,5.06,-1.48
1565.0,84.26,-1161.94,0,BH2,-6.96,-9.49,2.34,4.23
1565.0,84.26,-1171.96,0,BH2,-12.62,-12.79,-1.62,6.06
1565.0,84.26,-1181.98,0,BH2,-2.44,-10.41,0.8,5.93
1565.0,84.26,-1191.99,0,BH2,-8.62,-9.22,0.6,0.7
1565.0,84.26,-1202.01,0,BH2,-6.83,-7.79,3.21,1.09
1565.0,84.26,-1212.03,0,BH2,-7.32,-5.08,-2.94,8.4
1565.0,84.26,-1222.04,0,BH2,1.79,-12.94,2.01,4.22
1565.0,84.26,-1232.06,0,BH2,-2.71,-16.09,1.15,6.62
1565.0,84.26,-1242.08,0,BH2,-6.6,-9.17,-1.98,4.46
1565.0,84.26,-1252.09,0,BH2,-5.41,-5.39,-4.44,5.63
1565.0,84.26,-1262.11,0,BH2,-6.17,-7.02,1.46,0.44
1565.0,84.26,-1272.13,0,BH2,-7.29,-14.29,-1.29,3.0
1565.0,84.26,-1282.14,0,BH2,-3.72,-4.63,2.16,8.54
1565.0,84.26,-1292.16,0,BH2,-9.05,-3.99,-0.03,3.79
1565.0,84.26,-1302.18,0,BH2,-3.43,-8.4,-3.3,3.07
1565.0,84.26,-1312.19,0,BH2,-3.42,-2.5,-3.4,-0.64
1565.0,84.26,-1322.21,0,BH2,-3.26,-13.08,-0.86,9.86
1565.0,84.26,-1332.23,0,BH2,-13.79,-5.15,4.11,-3.53
1565.0,84.26,-1342.24,0,BH2,-5.34,-5.6,-2.14,5.15
1565.0,84.26,-1352.26,0,BH2,-10.68,-6.99,-1.35,5.94
1565.0,84.26,-1362.28,0,BH2,-0.66,-10.58,-2.64,2.29
1565.0,84.26,-1372.29,0,BH2,-8.05,-6.78,-1.47,1.5
1565.0,84.26,-1382.31,0,BH2,-1.74,-11.05,-3.73,8.59
1565.0,84.26,-1392.33,0,BH2,-3.77,-14.39,-1.96,6.14
1565.0,84.26,-1402.34,0,BH2,-7.39,-8.86,-5.21,6.12
1565.0,84.26,-1412.36,0,BH2,-3.2,-17.1,3.06,3.27
1565.0,84.26,-1422.38,0,BH2,-4.65,-10.29,1.27,3.74
1565.0,84.26,-1432.4,0,BH2,-4.75,-13.37,1.0,3.47
1565.0,84.26,-1442.41,0,BH2,-5.93,-8.31,-3.39,8.76
1565.0,84.26,-1452.43,0,BH2,-7.71,-8.18,-3.85,2.42
1565.0,84.26,-1462.45,0,BH2,-8.34,-6.64,3.11,5.62
1565.0,84.26,-1472.46,0,BH2,-2.85,-8.34,-2.47,3.26
1565.0,84.26,-1482.48,0,BH2,-10.64,-8.28,-1.43,1.2
1565.0,84.26,-1492.5,0,BH2,-10.56,-6.67,-4.48,6.28
1565.0,84.26,-1502.51,0,BH2,-7.17,-13.41,6.73,8.36
1565.0,84.26,-1512.53,0,BH2,-2.79,-11.07,2.46,0.7
1565.0,84.26,-1522.55,0,BH2,-5.79,-6.35,0.78,3.83
1565.0,84.26,-1532.56,0,BH2,-4.59,-8.27,-3.07,6.03
1565.0,84.26,-1542.58,0,BH2,-4.76,-11.78,-2.57,8.29
1565.0,84.26,-1552.6,0,BH2,-3.85,-8.24,-1.31,5.24
1565.0,84.26,-1562.61,0,BH2,-5.95,-8.96,1.27,3.17
1565.0,84.26,-1572.63,0,BH2,-2.47,-12.47,5.67,7.15
1565.0,84.26,-1582.65,0,BH2,-1.52,-7.93,-3.69,7.68
1565.0,84.26,-1592.66,0,BH2,-7.24,-12.07,2.53,9.06
1565.0,84.26,-1602.68,0,BH2,-3.77,-10.07,0.19,3.01
1565.0,84.26,-1612.7,0,BH2,-1.83,-8.23,-6.21,2.57
1565.0,84.26,-1622.71,0,BH2,-2.53,-9.86,-2.06,5.77
1565.0,84.26,-1632.73,0,BH2,-7.77,-10.51,-0.32,6.94
1565.0,84.26,-1642.75,0,BH2,-6.37,-13.55,-0.55,6.37
1565.0,84.26,-1652.76,0,BH2,-8.15,-9.28,2.32,3.97
1565.0,84.26,-1662.78,0,BH2,-3.16,-4.2,-3.43,3.59
1565.0,84.26,-1672.8,0,BH2,-6.08,-10.97,1.32,1.78
1565.0,84.26,-1682.81,0,BH2,-14.94,-7.37,-2.45,4.31
1565.0,84.26,-1692.83,0,BH2,-5.22,-7.32,2.03,9.23
1565.0,84.26,-1702.85,0,BH2,-0.68,-15.53,4.24,13.8
1565.0,84.26,-1712.86,0,BH2,-2.46,-5.94,0.71,9.88
1565.0,84.26,-1722.88,0,BH2,-10.77,-7.67,-2.83,1.01
1565.0,84.26,-1732.9,0,BH2,-1.63,-14.51,-3.35,5.23
1565.0,84.26,-1742.91,0,BH2,-6.53,-15.22,-0.36,4.93
1565.0,84.26,-1752.93,0,BH2,-7.52,-9.74,-4.47,7.5
1565.0,84.26,-1762.95,0,BH2,-1.13,-2.5,-0.11,2.06
1565.0,84.26,-1772.96,0,BH2,-5.52,-6.65,-1.5,1.17
1565.0,84.26,-1782.98,0,BH2,-8.73,-6.37,-2.96,5.88
1565.0,84.26,-1793.0,0,BH2,-8.75,-8.8,2.48,5.55
1565.0,84.26,-1803.02,0,BH2,-14.22,-5.58,-3.18,6.24
1565.0,84.26,-1813.03,0,BH2,-1.53,-13.64,4.08,-0.71
1565.0,84.26,-1823.05,0,BH2,-6.21,-6.56,-3.03,5.32
1565.0,84.26,-1833.07,0,BH2,-7.66,-10.79,3.34,5.33
1565.0,84.26,-1843.08,0,BH2,-9.0,-10.94,-0.24,2.68
1565.0,84.26,-1853.1,0,BH2,-6.56,-6.41,-1.52,7.96
1565.0,84.26,-1863.12,0,BH2,-5.18,-12.32,-4.1,2.35
1565.0,84.26,-1873.13,0,BH2,-4.7,-8.84,1.47,6.06
1565.0,84.26,-1883.15,0,BH2,-6.41,-9.48,-1.79,3.55
1565.0,84.26,-1893.17,0,BH2,-2.35,-10.79,-2.17,6.81
1565.0,84.26,-1903.18,0,BH2,-3.83,-9.74,-2.17,4.04
1565.0,84.26,-1913.2,0,BH2,-6.68,-8.2,-3.75,5.05
1565.0,84.26,-1923.22,0,BH2,-2.25,-13.77,-2.13,6.3
1565.0,84.26,-1933.23,0,BH2,-10.89,-7.01,-3.45,5.17
1565.0,84.26,-1943.25,0,BH2,-4.59,-5.2,-0.56,7.72
1565.0,84.26,-1953.27,0,BH2,-8.29,-4.64,0.57,5.17
1565.0,84.26,-1963.28,0,BH2,-6.9,-12.17,-4.38,6.3
1565.0,84.26,-1973.3,0,BH2,-11.01,-11.98,-1.56,8.52
1565.0,84.26,-1983.32,0,BH2,-7.22,-9.82,-7.21,7.2
1565.0,84.26,-1993.33,0,BH2,-8.65,-6.23,-2.55,7.25
295.0,63.28,-0.0,1,BH3,0.59,-1.5,-8.43,2.31
295.0,63.28,-10.02,1,BH3,-2.38,4.5,-11.2,4.21
295.0,63.28,-20.03,1,BH3,-2.74,-5.27,-10.11,6.87
295.0,63.28,-30.05,1,BH3,-1.05,4.54,-11.38,-5.08
295.0,63.28,-40.07,1,BH3,-3.95,-0.19,-14.64,-2.81
295.0,63.28,-50.08,1,BH3,1.91,-2.21,-13.43,-2.63
295.0,63.28,-60.1,1,BH3,0.92,-4.02,-13.67,1.98
295.0,63.28,-70.12,1,BH3,-4.88,-3.1,-8.38,1.33
295.0,63.28,-80.13,1,BH3,2.64,-0.06,-10.09,0.0
295.0,63.28,-90.15,1,BH3,-5.84,1.1,-12.22,-2.03
295.0,63.28,-100.17,1,BH3,-3.77,0.84,-10.79,5.31
295.0,63.28,-110.18,1,BH3,-3.97,-0.36,-13.61,2.6
295.0,63.28,-120.2,1,BH3,-0.28,-3.82,-8.23,-1.49
295.0,63.28,-130.22,1,BH3,-3.23,1.15,-7.99,-0.45
295.0,63.28,-140.23,1,BH3,1.16,-0.47,-12.32,0.8
295.0,63.28,-150.25,1,BH3,-2.48,1.39,-13.58,2.07
295.0,63.28,-160.27,1,BH3,0.19,3.58,-9.57,-6.22
295.0,63.28,-170.28,1,BH3,-1.43,-1.78,-13.51,-0.46
295.0,63.28,-180.3,1,BH3,0.37,-2.87,-12.8,4.0
295.0,63.28,-190.32,1,BH3,-6.84,-3.86,-10.54,-0.81
295.0,63.28,-200.33,1,BH3,-5.06,-0.61,-10.77,-3.27
295.0,63.28,-210.35,1,BH3,-2.29,-2.3,-5.51,4.06
295.0,63.28,-220.37,1,BH3,-8.21,0.8,-8.99,2.1
295.0,63.28,-230.39,1,BH3,-1.51,-0.43,-11.13,-1.5
295.0,63.28,-240.4,1,BH3,-2.37,-0.04,-11.47,-2.57
295.0,63.28,-250.42,1,BH3,1.06,-4.18,-11.72,-0.42
295.0,63.28,-260.44,1,BH3,2.17,0.03,-11.14,-3.63
295.0,63.28,-270.45,1,BH3,-7.32,-4.35,-5.72,-2.11
295.0,63.28,-280.47,1,BH3,-1.57,-0.87,-6.85,-0.04
295.0,63.28,-290.49,1,BH3,0.55,0.93,-3.02,-0.54
295.0,63.28,-300.5,1,BH3,-5.77,5.64,-15.8,-4.06
295.0,63.28,-310.52,1,BH3,-0.56,4.11,-3.85,-1.16
295.0,63.28,-320.54,1,BH3,-5.54,4.13,-11.23,0.82
295.0,63.28,-330.55,1,BH3,-0.01,-2.97,-8.97,1.14
295.0,63.28,-340.57,1,BH3,-3.95,-2.45,-8.15,-5.08
295.0,63.28,-350.59,1,BH3,2.51,-0.66,-15.97,-0.21
295.0,63.28,-360.6,1,BH3,1.69,2.92,-3.43,0.8
295.0,63.28,-370.62,1,BH3,2.69,2.57,-10.69,2.6
295.0,63.28,-380.64,1,BH3,0.84,-4.85,-6.95,-4.98
295.0,63.28,-390.65,1,BH3,-2.94,-2.16,-6.0,-1.37
295.0,63.28,-400.67,1,BH3,1.82,4.43,-8.05,0.04
295.0,63.28,-410.69,1,BH3,-1.32,1.6,-8.62,-0.19
295.0,63.28,-420.7,1,BH3,-0.49,-1.39,-7.15,1.67
295.0,63.28,-430.72,1,BH3,-6.06,3.59,-7.15,-3.56
295.0,63.28,-440.74,1,BH3,-3.35,0.36,-9.02,-0.12
295.0,63.28,-450.75,1,BH3,-0.69,2.44,-10.22,-3.07
295.0,63.28,-460.77,1,BH3,-1.64,-0.78,-10.3,-3.12
295.0,63.28,-470.79,1,BH3,-3.45,-5.86,-11.95,-0.66
295.0,63.28,-480.8,1,BH3,-1.28,-1.75,-8.93,2.46
295.0,63.28,-490.82,1,BH3,-1.49,1.03,-11.3,-1.85
295.0,63.28,-500.84,1,BH3,-1.6,-3.87,-10.85,-0.54
295.0,63.28,-510.85,1,BH3,-3.89,-3.09,-11.13,-4.95
295.0,63.28,-520.87,1,BH3,-2.99,3.21,-18.5,-0.98
295.0,63.28,-530.89,1,BH3,-2.09,5.85,-10.88,-1.52
295.0,63.28,-540.9,1,BH3,3.51,-0.08,-5.68,-0.62
295.0,63.28,-550.92,1,BH3,-3.39,-1.76,-9.56,-6.11
295.0,63.28,-560.94,1,BH3,0.44,-3.49,-3.75,4.71
295.0,63.28,-570.95,1,BH3,3.93,4.97,-7.02,4.7
295.0,63.28,-580.97,1,BH3,-2.45,0.29,-13.17,-0.16
295.0,63.28,-590.99,1,BH3,-0.55,-0.2,-8.13,-1.46
295.0,63.28,-601.01,1,BH3,-1.04,3.2,-10.8,3.78
295.0,63.28,-611.02,1,BH3,2.82,1.72,-11.54,-6.08
295.0,63.28,-621.04,1,BH3,-0.7,0.12,-5.63,2.64
295.0,63.28,-631.06,1,BH3,-2.0,-7.86,-15.59,-3.38
295.0,63.28,-641.07,1,BH3,1.97,-1.24,-9.72,2.95
295.0,63.28,-651.09,1,BH3,-8.27,-3.25,-11.12,-0.68
295.0,63.28,-661.11,1,BH3,-1.8,7.93,-7.46,6.28
295.0,63.28,-671.12,1,BH3,-3.27,3.56,-14.18,-0.08
295.0,63.28,-681.14,1,BH3,-2.31,3.0,-7.72,-1.83
295.0,63.28,-691.16,1,BH3,-7.57,-0.38,-13.4,1.66
295.0,63.28,-701.17,1,BH3,-5.45,-2.0,-8.46,3.73
295.0,63.28,-711.19,1,BH3,-5.23,-3.23,-11.05,-2.76
295.0,63.28,-721.21,1,BH3,-2.29,-2.43,-16.84,-2.08
295.0,63.28,-731.22,1,BH3,-0.25,0.41,-10.33,0.2
295.0,63.28,-741.24,1,BH3,-6.01,-0.34,-7.96,-1.65
295.0,63.28,-751.26,1,BH3,-5.93,2.3,-10.71,1.98
295.0,63.28,-761.27,1,BH3,0.53,-3.72,-7.42,-1.64
295.0,63.28,-771.29,1,BH3,-2.52,4.75,-6.9,-0.05
295.0,63.28,-781.31,1,BH3,-7.28,-5.21,-12.47,-2.07
295.0,63.28,-791.32,1,BH3,3.94,4.99,-6.12,-0.96
295.0,63.28,-801.34,1,BH3,1.77,-1.26,-10.95,-6.05
295.0,63.28,-811.36,1,BH3,2.73,3.43,-15.78,0.27
295.0,63.28,-821.37,1,BH3,3.28,0.72,-15.46,-4.03
295.0,63.28,-831.39,1,BH3,0.86,2.65,-9.82,-5.09
295.0,63.28,-841.41,1,BH3,-3.54,3.84,-13.9,-2.27
295.0,63.28,-851.42,1,BH3,-4.0,-3.78,-8.1,0.58
295.0,63.28,-861.44,1,BH3,-2.9,1.73,-7.77,-0.02
295.0,63.28,-871.46,1,BH3,-0.53,-2.28,-5.06,-1.0
295.0,63.28,-881.47,1,BH3,-1.45,-3.28,-10.3,-2.8
295.0,63.28,-891.49,1,BH3,1.31,4.66,-11.88,-7.06
295.0,63.28,-901.51,1,BH3,0.03,4.41,-8.2,-4.22
295.0,63.28,-911.52,1,BH3,4.95,-2.66,-11.29,-1.04
295.0,63.28,-921.54,1,BH3,-1.4,-6.0,-8.18,-3.74
295.0,63.28,-931.56,1,BH3,-1.74,-0.63,-8.18,-1.25
295.0,63.28,-941.57,1,BH3,-6.34,0.63,-7.1,-1.79
295.0,63.28,-951.59,1,BH3,0.29,1.53,-11.79,2.29
295.0,63.28,-961.61,1,BH3,0.53,-6.35,-7.73,-1.37
295.0,63.28,-971.62,1,BH3,3.69,-4.11,-10.43,-0.63
295.0,63.28,-981.64,2,BH3,5.81,7.16,6.34,-8.39
295.0,63.28,-991.66,2,BH3,8.74,8.33,0.77,-8.09
295.0,63.28,-1001.67,2,BH3,8.09,10.93,10.32,-7.41
295.0,63.28,-1011.69,2,BH3,4.68,5.67,0.7,-10.86
295.0,63.28,-1021.71,2,BH3,7.9,11.95,9.93,-10.45
295.0,63.28,-1031.73,2,BH3,6.08,4.54,8.34,-4.42
295.0,63.28,-1041.74,2,BH3,8.19,5.89,4.99,-3.19
295.0,63.28,-1051.76,2,BH3,10.16,9.85,4.09,-10.1
295.0,63.28,-1061.78,2,BH3,9.24,2.8,-0.24,-8.66
295.0,63.28,-1071.79,2,BH3,10.63,3.44,5.79,-6.12
295.0,63.28,-1081.81,2,BH3,2.59,6.07,2.77,-8.55
295.0,63.28,-1091.83,2,BH3,9.19,5.71,-3.93,-7.77
295.0,63.28,-1101.84,2,BH3,8.34,9.85,-0.41,-8.98
295.0,63.28,-1111.86,2,BH3,4.05,8.31,8.33,-6.98
295.0,63.28,-1121.88,2,BH3,13.86,11.97,-0.37,-1.67
295.0,63.28,-1131.89,2,BH3,7.68,9.19,2.01,-5.85
295.0,63.28,-1141.91,2,BH3,12.24,9.0,2.0,-1.75
295.0,63.28,-1151.93,2,BH3,9.24,6.82,7.89,-11.21
295.0,63.28,-1161.94,2,BH3,4.26,4.11,3.85,-10.07
295.0,63.28,-1171.96,2,BH3,14.09,11.23,7.31,-4.22
295.0,63.28,-1181.98,3,BH3,7.93,9.15,-9.78,-1.23
295.0,63.28,-1191.99,3,BH3,6.53,10.5,-4.63,2.51
295.0,63.28,-1202.01,3,BH3,9.85,7.37,-9.04,3.66
295.0,63.28,-1212.03,3,BH3,3.23,4.87,-8.2,-0.14
295.0,63.28,-1222.04,3,BH3,4.6,6.37,-2.24,0.01
295.0,63.28,-1232.06,3,BH3,2.56,11.02,-10.26,7.67
295.0,63.28,-1242.08,3,BH3,10.68,4.7,-5.35,0.28
295.0,63.28,-1252.09,3,BH3,11.83,8.99,-9.26,4.38
295.0,63.28,-1262.11,3,BH3,11.05,10.67,-10.48,0.78
295.0,63.28,-1272.13,3,BH3,7.45,6.35,-8.57,2.57
295.0,63.28,-1282.14,3,BH3,9.68,9.63,-5.82,4.35
295.0,63.28,-1292.16,3,BH3,7.13,6.09,-2.18,-0.64
295.0,63.28,-1302.18,3,BH3,9.6,6.22,-1.67,5.45
295.0,63.28,-1312.19,3,BH3,0.16,4.7,-6.9,1.75
295.0,63.28,-1322.21,3,BH3,10.59,8.59,-6.16,7.88
295.0,63.28,-1332.23,3,BH3,3.89,5.07,0.54,3.27
295.0,63.28,-1342.24,3,BH3,5.03,6.75,-3.65,3.62
295.0,63.28,-1352.26,3,BH3,10.28,9.82,-3.19,6.43
295.0,63.28,-1362.28,3,BH3,2.09,9.82,-3.75,1.28
295.0,63.28,-1372.29,3,BH3,1.62,2.65,-5.48,-1.06
295.0,63.28,-1382.31,4,BH3,-11.25,-6.62,-6.05,-5.78
295.0,63.28,-1392.33,4,BH3,-12.65,-12.64,-4.54,-11.26
295.0,63.28,-1402.34,4,BH3,-10.1,-11.11,-9.27,-7.74
295.0,63.28,-1412.36,4,BH3,-6.96,-7.87,-2.98,-7.24
295.0,63.28,-1422.38,4,BH3,-7.29,-6.07,-5.34,-9.18
295.0,63.28,-1432.4,4,BH3,-7.2,-2.03,-4.01,-10.49
295.0,63.28,-1442.41,4,BH3,-11.71,-12.34,-1.17,-8.14
295.0,63.28,-1452.43,4,BH3,-7.36,-9.03,0.59,-8.58
295.0,63.28,-1462.45,4,BH3,-7.95,-8.63,-7.16,-3.83
295.0,63.28,-1472.46,4,BH3,-10.83,-10.81,-2.95,-6.35
295.0,63.28,-1482.48,4,BH3,-13.99,-11.68,-6.05,-7.45
295.0,63.28,-1492.5,4,BH3,-4.48,-8.52,-1.53,-6.73
295.0,63.28,-1502.51,4,BH3,-10.35,-7.34,-7.54,-5.15
295.0,63.28,-1512.53,4,BH3,-10.75,-9.31,-9.52,-0.04
295.0,63.28,-1522.55,4,BH3,-10.6,-10.95,-10.29,-4.94
295.0,63.28,-1532.56,4,BH3,-12.32,-7.9,0.09,-9.94
295.0,63.28,-1542.58,4,BH3,-12.65,-8.44,2.66,-11.87
295.0,63.28,-1552.6,4,BH3,-7.08,-6.86,-5.05,-5.75
295.0,63.28,-1562.61,4,BH3,-9.67,-12.94,-0.93,-9.22
295.0,63.28,-1572.63,4,BH3,-10.21,-9.35,-6.75,-7.38
295.0,63.28,-1582.65,0,BH3,-9.66,-6.27,5.72,7.49
295.0,63.28,-1592.66,0,BH3,-4.72,-7.17,-2.97,6.56
295.0,63.28,-1602.68,0,BH3,-4.21,-6.99,-0.54,-1.77
295.0,63.28,-1612.7,0,BH3,-1.4,-9.2,1.18,1.58
295.0,63.28,-1622.71,0,BH3,-1.56,-7.8,-2.32,6.82
295.0,63.28,-1632.73,0,BH3,-2.64,-12.18,2.19,6.38
295.0,63.28,-1642.75,0,BH3,-7.71,-8.88,-0.08,4.11
295.0,63.28,-1652.76,0,BH3,-7.01,-8.97,-6.34,8.61
295.0,63.28,-1662.78,0,BH3,-4.87,-5.4,1.35,1.97
295.0,63.28,-1672.8,0,BH3,-6.77,-10.87,-1.56,5.92
295.0,63.28,-1682.81,0,BH3,-10.48,-13.01,-0.21,8.31
295.0,63.28,-1692.83,0,BH3,-2.38,-10.26,0.47,8.59
295.0,63.28,-1702.85,0,BH3,-4.38,-10.15,-2.89,7.24
295.0,63.28,-1712.86,0,BH3,-8.26,-4.38,-2.85,-2.72
295.0,63.28,-1722.88,0,BH3,-8.64,-12.52,4.16,6.87
295.0,63.28,-1732.9,0,BH3,-6.83,-7.18,-0.02,9.81
295.0,63.28,-1742.91,0,BH3,-7.21,-14.45,2.59,3.31
295.0,63.28,-1752.93,0,BH3,-5.71,-10.97,-1.91,-3.44
295.0,63.28,-1762.95,0,BH3,-2.56,-13.73,-2.48,-2.13
295.0,63.28,-1772.96,0,BH3,-4.33,-15.08,1.9,10.04
295.0,63.28,-1782.98,0,BH3,-4.26,-5.52,1.81,6.95
295.0,63.28,-1793.0,0,BH3,-10.24,-7.29,-4.46,1.46
295.0,63.28,-1803.02,0,BH3,-5.22,-1.62,-3.27,5.72
295.0,63.28,-1813.03,0,BH3,-3.39,-8.78,-3.68,5.47
295.0,63.28,-1823.05,0,BH3,-5.9,-2.75,-2.34,1.04
295.0,63.28,-1833.07,0,BH3,-3.41,-11.69,-2.65,2.04
295.0,63.28,-1843.08,0,BH3,-5.26,-6.52,-4.37,2.68
295.0,63.28,-1853.1,0,BH3,-6.3,-11.57,1.94,2.73
295.0,63.28,-1863.12,0,BH3,-11.03,-10.14,1.08,-1.96
295.0,63.28,-1873.13,0,BH3,-7.88,-8.25,-4.55,-1.21
295.0,63.28,-1883.15,0,BH3,-6.99,-12.95,4.08,3.67
295.0,63.28,-1893.17,0,BH3,-9.75,-10.45,1.47,8.9
295.0,63.28,-1903.18,0,BH3,-5.81,-6.49,4.33,2.45
295.0,63.28,-1913.2,0,BH3,-12.54,-7.01,-1.52,6.24
295.0,63.28,-1923.22,0,BH3,-7.38,-7.39,-0.03,4.37
295.0,63.28,-1933.23,0,BH3,-6.71,-14.36,-4.85,4.41
295.0,63.28,-1943.25,0,BH3,-6.99,-9.44,-4.84,10.3
295.0,63.28,-1953.27,0,BH3,-7.88,-10.14,-1.48,4.49
295.0,63.28,-1963.28,0,BH3,-9.55,-15.34,0.51,6.5
295.0,63.28,-1973.3,0,BH3,-6.89,-9.57,-0.74,3.8
295.0,63.28,-1983.32,0,BH3,-9.3,-10.59,3.23,0.41
295.0,63.28,-1993.33,0,BH3,-5.43,-17.52,-3.7,1.39
2355.0,0.33,-0.0,1,BH4,-2.45,1.95,-11.79,-1.38
2355.0,0.33,-10.02,1,BH4,-0.84,5.6,-7.36,5.2
2355.0,0.33,-20.03,1,BH4,3.4,-3.72,-13.93,-1.36
2355.0,0.33,-30.05,1,BH4,-3.5,1.24,-11.51,1.79
2355.0,0.33,-40.07,1,BH4,0.46,3.01,-5.58,-4.71
2355.0,0.33,-50.08,1,BH4,-0.96,4.37,-7.57,4.36
2355.0,0.33,-60.1,1,BH4,2.56,0.44,-10.23,-1.17
2355.0,0.33,-70.12,1,BH4,-2.77,-7.72,-7.65,-0.25
2355.0,0.33,-80.13,1,BH4,1.85,-0.6,-17.11,1.93
2355.0,0.33,-90.15,1,BH4,-2.41,0.87,-9.64,2.3
2355.0,0.33,-100.17,1,BH4,-2.53,-1.99,-15.45,1.53
2355.0,0.33,-110.18,1,BH4,-1.78,-1.71,-9.86,-3.44
2355.0,0.33,-120.2,1,BH4,-1.8,-1.32,-11.97,3.89
2355.0,0.33,-130.22,1,BH4,-1.42,2.07,-10.82,-1.23
2355.0,0.33,-140.23,1,BH4,-2.32,-2.29,-8.63,-5.31
2355.0,0.33,-150.25,1,BH4,-3.66,-3.97,-9.37,1.22
2355.0,0.33,-160.27,1,BH4,-1.96,2.69,-12.85,-2.45
2355.0,0.33,-170.28,1,BH4,-3.43,-0.06,-7.28,0.95
2355.0,0.33,-180.3,1,BH4,-4.37,3.15,-11.6,2.57
2355.0,0.33,-190.32,1,BH4,0.81,1.34,-9.97,-1.71
2355.0,0.33,-200.33,1,BH4,2.3,-1.55,-9.47,6.05
2355.0,0.33,-210.35,1,BH4,-0.86,-3.26,-11.2,-0.73
2355.0,0.33,-220.37,1,BH4,-1.4,2.19,-12.16,-0.28
2355.0,0.33,-230.39,1,BH4,-2.62,-4.83,-11.67,-7.12
2355.0,0.33,-240.4,1,BH4,-3.57,-2.69,-7.43,-1.66
2355.0,0.33,-250.42,1,BH4,0.99,4.06,-8.9,-0.23
2355.0,0.33,-260.44,1,BH4,3.43,-4.72,-8.35,-1.61
2355.0,0.33,-270.45,1,BH4,-10.04,-0.39,-8.88,-0.89
2355.0,0.33,-280.47,1,BH4,-4.16,-1.37,-10.48,2.05
2355.0,0.33,-290.49,1,BH4,-1.56,-3.12,-9.99,0.5
2355.0,0.33,-300.5,1,BH4,-5.48,1.56,-10.45,-0.75
2355.0,0.33,-310.52,1,BH4,-0.81,2.57,-10.44,2.04
2355.0,0.33,-320.54,1,BH4,2.19,4.54,-18.09,4.9
2355.0,0.33,-330.55,1,BH4,-3.0,3.1,-11.83,1.41
2355.0,0.33,-340.57,1,BH4,-3.73,3.96,-18.04,-6.33
2355.0,0.33,-350.59,1,BH4,0.14,1.17,-12.44,-2.04
2355.0,0.33,-360.6,1,BH4,0.42,5.62,-10.21,5.51
2355.0,0.33,-370.62,1,BH4,-0.16,-3.58,-6.49,3.85
2355.0,0.33,-380.64,1,BH4,-4.36,0.21,-12.93,-0.32
2355.0,0.33,-390.65,1,BH4,-0.59,2.06,-10.04,2.43
2355.0,0.33,-400.67,1,BH4,-7.12,-0.84,-7.42,0.14
2355.0,0.33,-410.69,1,BH4,1.17,-2.21,-11.77,2.94
2355.0,0.33,-420.7,1,BH4,-0.78,-2.36,-15.11,-0.97
2355.0,0.33,-430.72,1,BH4,-1.62,-2.3,-9.51,1.52
2355.0,0.33,-440.74,1,BH4,2.04,-2.72,-9.32,-0.07
2355.0,0.33,-450.75,1,BH4,0.13,-4.79,-6.83,-5.3
2355.0,0.33,-460.77,1,BH4,-0.36,0.16,-11.99,3.1
2355.0,0.33,-470.79,1,BH4,-2.13,0.21,-16.33,1.59
2355.0,0.33,-480.8,1,BH4,2.71,-0.9,-7.9,2.72
2355.0,0.33,-490.82,1,BH4,-0.14,-1.96,-10.46,1.56
2355.0,0.33,-500.84,1,BH4,-0.2,-4.45,-12.62,-1.76
2355.0,0.33,-510.85,1,BH4,-2.97,4.34,-8.73,-4.57
2355.0,0.33,-520.87,1,BH4,-2.68,2.88,-11.71,-2.25
2355.0,0.33,-530.89,1,BH4,-0.05,2.97,-11.71,1.99
2355.0,0.33,-540.9,1,BH4,-4.79,-3.54,-7.36,-0.8
2355.0,0.33,-550.92,1,BH4,-2.89,3.02,-8.25,7.19
2355.0,0.33,-560.94,1,BH4,3.42,2.73,-9.66,1.28
2355.0,0.33,-570.95,1,BH4,0.74,-2.8,-11.83,-0.2
2355.0,0.33,-580.97,1,BH4,5.54,-3.35,-15.04,-2.15
2355.0,0.33,-590.99,1,BH4,-3.36,-3.89,-10.25,2.71
2355.0,0.33,-601.01,1,BH4,-6.37,-5.56,-8.07,-1.35
2355.0,0.33,-611.02,1,BH4,-1.85,-1.17,-8.03,0.58
2355.0,0.33,-621.04,1,BH4,0.3,-2.43,-13.04,2.16
2355.0,0.33,-631.06,1,BH4,2.33,4.67,-7.76,-0.48
2355.0,0.33,-641.07,1,BH4,-1.49,4.8,-10.1,-0.55
2355.0,0.33,-651.09,1,BH4,-6.63,5.28,-5.71,2.48
2355.0,0.33,-661.11,1,BH4,-2.66,5.25,-13.54,0.28
2355.0,0.33,-671.12,1,BH4,0.68,2.61,-9.94,-4.08
2355.0,0.33,-681.14,1,BH4,3.63,2.35,-10.95,1.36
2355.0,0.33,-691.16,1,BH4,-3.26,1.31,-11.91,-3.76
2355.0,0.33,-701.17,1,BH4,-2.44,0.28,-17.26,2.21
2355.0,0.33,-711.19,1,BH4,-0.83,-0.4,-11.18,-4.76
2355.0,0.33,-721.21,1,BH4,2.2,0.31,-15.22,-4.13
2355.0,0.33,-731.22,1,BH4,-5.11,5.84,-11.28,0.39
2355.0,0.33,-741.24,1,BH4,-1.78,-1.27,-10.78,0.01
2355.0,0.33,-751.26,1,BH4,-1.0,1.87,-8.51,-3.21
2355.0,0.33,-761.27,1,BH4,-0.75,0.4,-7.77,-2.12
2355.0,0.33,-771.29,2,BH4,10.6,4.19,2.41,-9.06
2355.0,0.33,-781.31,2,BH4,7.57,8.04,8.9,-8.33
2355.0,0.33,-791.32,2,BH4,10.78,5.67,3.44,-6.15
2355.0,0.33,-801.34,2,BH4,7.34,3.09,5.9,-12.34
2355.0,0.33,-811.36,2,BH4,5.88,10.22,3.99,-6.39
2355.0,0.33,-821.37,2,BH4,10.79,5.81,7.24,-3.16
2355.0,0.33,-831.39,2,BH4,8.79,8.12,8.06,-11.12
2355.0,0.33,-841.41,2,BH4,10.27,6.33,5.7,-7.51
2355.0,0.33,-851.42,2,BH4,7.6,10.43,7.55,-6.2
2355.0,0.33,-861.44,2,BH4,4.16,4.64,5.34,-6.16
2355.0,0.33,-871.46,2,BH4,9.5,9.15,4.05,-5.27
2355.0,0.33,-881.47,2,BH4,7.83,5.03,2.72,-7.47
2355.0,0.33,-891.49,2,BH4,8.02,7.11,3.65,-7.41
2355.0,0.33,-901.51,2,BH4,11.27,6.61,3.99,-6.53
2355.0,0.33,-911.52,2,BH4,10.23,10.28,2.42,-10.46
2355.0,0.33,-921.54,2,BH4,9.64,1.46,0.61,-10.91
2355.0,0.33,-931.56,2,BH4,17.25,7.64,9.03,-4.28
2355.0,0.33,-941.57,2,BH4,9.96,8.32,6.52,-8.03
2355.0,0.33,-951.59,2,BH4,9.28,8.01,9.64,-7.83
2355.0,0.33,-961.61,2,BH4,11.05,5.14,2.2,-8.54
2355.0,0.33,-971.62,3,BH4,12.0,6.45,-9.27,5.99
2355.0,0.33,-981.64,3,BH4,7.01,7.43,-2.08,-0.27
2355.0,0.33,-991.66,3,BH4,7.97,11.73,-8.59,7.86
2355.0,0.33,-1001.67,3,BH4,10.24,10.1,-4.7,4.25
2355.0,0.33,-1011.69,3,BH4,8.2,7.81,-10.82,8.84
2355.0,0.33,-1021.71,3,BH4,9.58,5.23,-8.27,3.43
2355.0,0.33,-1031.73,3,BH4,7.81,6.45,-3.63,2.01
2355.0,0.33,-1041.74,3,BH4,12.78,7.26,-8.24,-1.48
2355.0,0.33,-1051.76,3,BH4,4.5,3.34,-6.4,3.93
2355.0,0.33,-1061.78,3,BH4,8.29,2.78,-2.09,2.62
2355.0,0.33,-1071.79,3,BH4,2.88,8.11,-7.3,-0.13
2355.0,0.33,-1081.81,3,BH4,10.71,7.24,-4.74,6.49
2355.0,0.33,-1091.83,3,BH4,5.55,7.26,-3.49,-0.75
2355.0,0.33,-1101.84,3,BH4,10.73,11.7,-4.57,0.79
2355.0,0.33,-1111.86,3,BH4,9.76,5.75,-6.54,2.01
2355.0,0.33,-1121.88,3,BH4,6.5,8.33,-10.95,2.82
2355.0,0.33,-1131.89,3,BH4,4.46,5.2,-12.34,5.85
2355.0,0.33,-1141.91,3,BH4,7.56,6.81,-2.63,1.63
2355.0,0.33,-1151.93,3,BH4,8.63,10.69,-8.27,0.07
2355.0,0.33,-1161.94,3,BH4,11.55,7.03,-2.58,6.66
2355.0,0.33,-1171.96,4,BH4,-13.99,-7.1,-8.75,-15.39
2355.0,0.33,-1181.98,4,BH4,-8.53,-10.65,-5.31,-5.53
2355.0,0.33,-1191.99,4,BH4,-10.92,-8.65,-0.55,-7.07
2355.0,0.33,-1202.01,4,BH4,-8.98,-8.21,-2.1,-11.88
2355.0,0.33,-1212.03,4,BH4,-9.44,-10.49,-4.68,-4.05
2355.0,0.33,-1222.04,4,BH4,-12.23,-13.47,-0.15,-7.38
2355.0,0.33,-1232.06,4,BH4,-8.07,-2.84,-0.58,-7.28
2355.0,0.33,-1242.08,4,BH4,-9.93,-3.75,-3.76,-10.51
2355.0,0.33,-1252.09,4,BH4,-10.86,-3.93,-7.95,-4.26
2355.0,0.33,-1262.11,4,BH4,-8.16,-6.05,-5.36,-14.74
2355.0,0.33,-1272.13,4,BH4,-14.87,-13.8,-4.55,-3.67
2355.0,0.33,-1282.14,4,BH4,-7.22,-3.96,-1.6,-2.36
2355.0,0.33,-1292.16,4,BH4,-9.77,-5.61,0.32,-9.3
2355.0,0.33,-1302.18,4,BH4,-8.39,-6.48,-3.33,-6.98
2355.0,0.33,-1312.19,4,BH4,-10.7,-9.57,-4.46,-7.67
2355.0,0.33,-1322.21,4,BH4,-12.86,-10.98,-1.64,-8.24
2355.0,0.33,-1332.23,4,BH4,-8.21,-5.95,-2.99,-7.81
2355.0,0.33,-1342.24,4,BH4,-6.4,-8.7,-1.53,-8.62
2355.0,0.33,-1352.26,4,BH4,-5.97,-7.59,1.51,-2.46
2355.0,0.33,-1362.28,4,BH4,-5.91,-3.49,-3.15,-5.43
2355.0,0.33,-1372.29,0,BH4,-4.35,-10.15,2.44,8.19
2355.0,0.33,-1382.31,0,BH4,-12.37,-8.19,3.22,1.05
2355.0,0.33,-1392.33,0,BH4,-4.23,-17.99,5.2,0.02
2355.0,0.33,-1402.34,0,BH4,-3.61,-13.18,-4.95,5.12
2355.0,0.33,-1412.36,0,BH4,-2.24,-12.17,1.68,5.09
2355.0,0.33,-1422.38,0,BH4,-7.55,-13.96,0.18,1.48
2355.0,0.33,-1432.4,0,BH4,-3.38,-9.63,-2.84,4.84
2355.0,0.33,-1442.41,0,BH4,-10.29,-6.9,-4.73,9.06
2355.0,0.33,-1452.43,0,BH4,-3.75,-11.21,-0.91,7.62
2355.0,0.33,-1462.45,0,BH4,-9.39,-10.74,0.31,8.68
2355.0,0.33,-1472.46,0,BH4,-7.02,-8.32,3.08,6.49
2355.0,0.33,-1482.48,0,BH4,-4.51,-8.24,-0.65,1.32
2355.0,0.33,-1492.5,0,BH4,-4.43,-12.97,-1.17,3.49
2355.0,0.33,-1502.51,0,BH4,-7.33,-5.35,-6.03,9.19
2355.0,0.33,-1512.53,0,BH4,-4.09,-10.5,2.72,2.99
2355.0,0.33,-1522.55,0,BH4,-3.41,-10.11,-1.63,10.66
2355.0,0.33,-1532.56,0,BH4,-6.28,-9.44,-5.83,-1.58
2355.0,0.33,-1542.58,0,BH4,-5.63,-10.12,3.57,2.59
2355.0,0.33,-1552.6,0,BH4,-5.79,-12.8,-0.83,4.27
2355.0,0.33,-1562.61,0,BH4,-4.13,-10.94,-1.16,2.33
2355.0,0.33,-1572.63,0,BH4,-7.72,-7.88,4.71,2.51
2355.0,0.33,-1582.65,0,BH4,-2.74,-13.34,1.78,9.38
2355.0,0.33,-1592.66,0,BH4,-7.17,-9.3,-8.13,0.73
2355.0,0.33,-1602.68,0,BH4,-3.58,-4.69,-2.96,4.85
2355.0,0.33,-1612.7,0,BH4,-11.76,-9.21,-2.12,1.66
2355.0,0.33,-1622.71,0,BH4,-6.14,-6.77,6.29,5.63
2355.0,0.33,-1632.73,0,BH4,-7.06,-3.49,-0.88,0.38
2355.0,0.33,-1642.75,0,BH4,-6.04,-15.3,-1.06,3.52
2355.0,0.33,-1652.76,0,BH4,-6.49,-6.82,-0.39,2.05
2355.0,0.33,-1662.78,0,BH4,-4.18,-4.89,-0.83,2.45
2355.0,0.33,-1672.8,0,BH4,-9.03,-11.88,-7.19,5.34
2355.0,0.33,-1682.81,0,BH4,-11.04,-16.37,6.33,4.07
2355.0,0.33,-1692.83,0,BH4,-0.85,-5.92,1.45,4.64
2355.0,0.33,-1702.85,0,BH4,-9.21,-6.57,1.61,6.97
2355.0,0.33,-1712.86,0,BH4,-3.65,-8.21,-5.5,1.59
2355.0,0.33,-1722.88,0,BH4,-2.27,-6.29,-6.02,5.5
2355.0,0.33,-1732.9,0,BH4,-5.15,-15.81,-2.81,5.43
2355.0,0.33,-1742.91,0,BH4,-9.59,-14.09,-0.97,1.65
2355.0,0.33,-1752.93,0,BH4,-8.7,-9.93,-0.25,6.68
2355.0,0.33,-1762.95,0,BH4,-4.41,-6.18,2.66,3.36
2355.0,0.33,-1772.96,0,BH4,-6.98,-9.93,-3.2,8.02
2355.0,0.33,-1782.98,0,BH4,-6.31,-10.71,0.4,2.2
2355.0,0.33,-1793.0,0,BH4,-7.09,-15.16,-3.0,1.49
2355.0,0.33,-1803.02,0,BH4,-7.57,-13.67,2.6,3.5
2355.0,0.33,-1813.03,0,BH4,-5.52,-11.95,-3.3,6.93
2355.0,0.33,-1823.05,0,BH4,-7.16,-7.82,-5.58,7.41
2355.0,0.33,-1833.07,0,BH4,-12.86,-11.22,2.38,3.16
2355.0,0.33,-1843.08,0,BH4,-6.12,-10.72,0.5,5.42
2355.0,0.33,-1853.1,0,BH4,-5.73,-8.39,-1.77,4.31
2355.0,0.33,-1863.12,0,BH4,-4.43,-4.21,3.9,9.33
2355.0,0.33,-1873.13,0,BH4,-8.68,-13.2,-6.27,7.2
2355.0,0.33,-1883.15,0,BH4,-10.39,0.18,-0.54,3.92
2355.0,0.33,-1893.17,0,BH4,-1.86,-8.63,3.23,9.46
2355.0,0.33,-1903.18,0,BH4,-7.7,-10.58,1.11,2.5
2355.0,0.33,-1913.2,0,BH4,-0.33,-13.15,0.83,1.11
2355.0,0.33,-1923.22,0,BH4,-3.53,-11.22,-4.17,8.22
2355.0,0.33,-1933.23,0,BH4,-7.92,-8.48,-1.23,4.96
2355.0,0.33,-1943.25,0,BH4,-10.11,-7.85,-4.83,3.43
2355.0,0.33,-1953.27,0,BH4,-12.99,-6.31,-5.52,2.07
2355.0,0.33,-1963.28,0,BH4,0.08,-12.1,-2.32,9.18
2355.0,0.33,-1973.3,0,BH4,-3.48,-8.78,-0.92,8.83
2355.0,0.33,-1983.32,0,BH4,-5.05,-7.96,-3.17,9.24
2355.0,0.33,-1993.33,0,BH4,-6.95,-10.75,-0.47,4.69
435.0,178.68,-0.0,1,BH5,-3.44,-4.01,-5.03,-0.22
435.0,178.68,-10.02,1,BH5,-0.79,1.29,-10.83,-1.22
435.0,178.68,-20.03,1,BH5,-0.57,1.02,-15.5,-3.09
435.0,178.68,-30.05,1,BH5,-2.29,2.19,-7.03,1.28
435.0,178.68,-40.07,1,BH5,-0.35,-1.26,-11.11,6.6
435.0,178.68,-50.08,1,BH5,-0.42,-0.01,-11.8,2.81
435.0,178.68,-60.1,1,BH5,-2.11,-3.74,-9.9,2.62
435.0,178.68,-70.12,1,BH5,0.3,-1.73,-9.18,1.55
435.0,178.68,-80.13,1,BH5,-6.77,0.75,-10.87,0.75
435.0,178.68,-90.15,1,BH5,-4.6,1.98,-6.81,7.73
435.0,178.68,-100.17,1,BH5,-0.59,1.43,-15.19,3.46
435.0,178.68,-110.18,1,BH5,-3.04,0.5,-6.38,-0.69
435.0,178.68,-120.2,1,BH5,-2.9,2.59,-11.46,3.61
435.0,178.68,-130.22,1,BH5,-7.45,4.4,-16.24,-0.59
435.0,178.68,-140.23,1,BH5,0.33,2.16,-14.6,-3.08
435.0,178.68,-150.25,1,BH5,0.09,-2.06,-5.48,0.81
435.0,178.68,-160.27,1,BH5,1.87,-1.94,-10.8,-1.72
435.0,178.68,-170.28,1,BH5,1.63,-3.49,-6.52,-5.24
435.0,178.68,-180.3,1,BH5,0.62,4.87,-12.55,-0.29
435.0,178.68,-190.32,1,BH5,1.56,0.56,-3.71,0.88
435.0,178.68,-200.33,1,BH5,-0.05,2.11,-8.72,6.58
435.0,178.68,-210.35,1,BH5,3.24,-0.2,-11.56,-1.07
435.0,178.68,-220.37,1,BH5,-1.08,-2.89,-6.16,-2.39
435.0,178.68,-230.39,1,BH5,-7.28,-7.52,-9.45,-1.33
435.0,178.68,-240.4,1,BH5,-4.6,3.9,-8.4,3.8
435.0,178.68,-250.42,1,BH5,-1.01,0.43,-9.82,-4.55
435.0,178.68,-260.44,1,BH5,3.24,-0.71,-13.04,-1.61
435.0,178.68,-270.45,1,BH5,-1.95,0.25,-6.65,2.73
435.0,178.68,-280.47,1,BH5,-6.56,-2.34,-10.75,-2.13
435.0,178.68,-290.49,1,BH5,-5.78,-8.34,-9.05,2.96
435.0,178.68,-300.5,1,BH5,-5.5,0.72,-11.62,5.6
435.0,178.68,-310.52,1,BH5,-3.42,2.95,-10.36,1.01
435.0,178.68,-320.54,1,BH5,-4.52,3.3,-12.91,-0.33
435.0,178.68,-330.55,1,BH5,-0.97,4.29,-7.92,0.21
435.0,178.68,-340.57,1,BH5,0.28,-0.42,-9.11,1.01
435.0,178.68,-350.59,1,BH5,-2.59,1.19,-13.82,0.51
435.0,178.68,-360.6,1,BH5,-3.7,2.07,-6.6,0.92
435.0,178.68,-370.62,1,BH5,0.82,2.02,-7.12,-6.22
435.0,178.68,-380.64,1,BH5,0.55,-0.48,-4.09,8.31
435.0,178.68,-390.65,1,BH5,-1.42,1.21,-9.34,0.43
435.0,178.68,-400.67,1,BH5,-0.74,-4.81,-11.07,-0.95
435.0,178.68,-410.69,1,BH5,3.63,3.27,-6.46,1.8
435.0,178.68,-420.7,1,BH5,-1.22,-1.47,-10.83,-1.44
435.0,178.68,-430.72,1,BH5,1.83,0.2,-10.41,2.0
435.0,178.68,-440.74,1,BH5,-6.01,-0.56,-4.96,3.15
435.0,178.68,-450.75,1,BH5,1.71,0.88,-7.61,-0.22
435.0,178.68,-460.77,1,BH5,-3.72,-2.3,-9.55,0.0
435.0,178.68,-470.79,1,BH5,-2.65,3.13,-6.81,2.62
435.0,178.68,-480.8,1,BH5,0.38,1.27,-5.15,0.54
435.0,178.68,-490.82,1,BH5,-1.06,-1.53,-10.03,4.31
435.0,178.68,-500.84,1,BH5,-2.52,-0.73,-8.85,-2.07
435.0,178.68,-510.85,1,BH5,0.7,-0.94,-9.62,-2.22
435.0,178.68,-520.87,1,BH5,0.24,-0.69,-14.42,-0.24
435.0,178.68,-530.89,1,BH5,-4.36,-3.91,-13.96,1.57
435.0,178.68,-540.9,1,BH5,-1.52,0.2,-3.68,2.6
435.0,178.68,-550.92,1,BH5,-3.85,-4.19,-9.38,2.75
435.0,178.68,-560.94,1,BH5,-3.43,3.31,-11.59,0.37
435.0,178.68,-570.95,1,BH5,3.85,-1.03,-12.17,-1.54
435.0,178.68,-580.97,1,BH5,-1.04,-2.32,-7.26,2.7
435.0,178.68,-590.99,1,BH5,-9.64,-0.67,-8.16,-3.13
435.0,178.68,-601.01,1,BH5,-5.61,-0.43,-10.21,-6.45
435.0,178.68,-611.02,1,BH5,0.81,-1.79,-10.34,0.97
435.0,178.68,-621.04,1,BH5,-3.34,0.87,-5.3,-2.28
435.0,178.68,-631.06,1,BH5,-4.0,-0.1,-8.1,-2.29
435.0,178.68,-641.07,1,BH5,1.61,-3.53,-13.18,-5.19
435.0,178.68,-651.09,1,BH5,-3.22,1.74,-8.51,3.74
435.0,178.68,-661.11,1,BH5,-3.11,5.21,-14.28,-1.02
435.0,178.68,-671.12,1,BH5,-0.87,0.28,-12.3,-1.54
435.0,178.68,-681.14,1,BH5,-3.24,2.56,-9.31,5.2
435.0,178.68,-691.16,1,BH5,-0.82,-0.45,-6.33,2.83
435.0,178.68,-701.17,1,BH5,-5.24,2.96,-8.76,-2.49
435.0,178.68,-711.19,1,BH5,-1.99,-0.93,-13.25,2.89
435.0,178.68,-721.21,1,BH5,-2.16,1.39,-7.45,0.58
435.0,178.68,-731.22,1,BH5,-2.11,-0.63,-7.47,-2.68
435.0,178.68,-741.24,1,BH5,3.03,1.12,-10.91,-1.18
435.0,178.68,-751.26,1,BH5,0.46,2.4,-3.1,2.64
435.0,178.68,-761.27,1,BH5,-0.73,-0.1,-13.23,3.42
435.0,178.68,-771.29,1,BH5,0.59,0.93,-10.49,-4.36
435.0,178.68,-781.31,1,BH5,-2.21,-0.33,-7.85,7.81
435.0,178.68,-791.32,1,BH5,-2.32,-1.84,-10.15,0.31
435.0,178.68,-801.34,1,BH5,-0.03,4.58,-10.0,1.93
435.0,178.68,-811.36,1,BH5,-2.13,-0.06,-3.29,0.33
435.0,178.68,-821.37,1,BH5,-4.53,-1.91,-10.15,-3.05
435.0,178.68,-831.39,1,BH5,-4.54,1.93,-15.0,-4.02
435.0,178.68,-841.41,1,BH5,-2.89,-4.48,-5.66,3.27
435.0,178.68,-851.42,1,BH5,4.04,-0.36,-3.23,-1.78
435.0,178.68,-861.44,1,BH5,-5.06,-2.43,-7.1,-1.95
435.0,178.68,-871.46,1,BH5,-11.62,-6.39,-9.95,-1.7
435.0,178.68,-881.47,1,BH5,-3.27,2.95,-12.88,3.71
435.0,178.68,-891.49,2,BH5,9.8,14.78,3.58,-4.94
435.0,178.68,-901.51,2,BH5,8.99,2.08,1.74,-9.96
435.0,178.68,-911.52,2,BH5,8.1,2.43,4.08,-7.32
435.0,178.68,-921.54,2,BH5,8.04,5.93,3.32,-7.4
435.0,178.68,-931.56,2,BH5,7.47,6.04,6.31,-9.79
435.0,178.68,-941.57,2,BH5,7.8,6.57,7.14,-5.87
435.0,178.68,-951.59,2,BH5,7.92,4.52,0.46,-3.84
435.0,178.68,-961.61,2,BH5,7.08,5.01,2.1,-9.69
435.0,178.68,-971.62,2,BH5,6.61,6.24,6.86,-10.88
435.0,178.68,-981.64,2,BH5,9.67,5.23,7.84,-6.39
435.0,178.68,-991.66,2,BH5,9.21,9.21,-0.1,-11.16
435.0,178.68,-1001.67,2,BH5,4.36,8.55,0.56,-9.44
435.0,178.68,-1011.69,2,BH5,3.44,3.69,4.32,-3.74
435.0,178.68,-1021.71,2,BH5,9.29,10.86,4.28,-9.01
435.0,178.68,-1031.73,2,BH5,8.24,6.81,1.82,-8.05
435.0,178.68,-1041.74,2,BH5,9.73,5.92,8.72,-5.96
435.0,178.68,-1051.76,2,BH5,3.92,11.29,3.0,-7.9
435.0,178.68,-1061.78,2,BH5,6.9,4.27,9.54,-15.1
435.0,178.68,-1071.79,2,BH5,10.35,9.04,5.48,-12.06
435.0,178.68,-1081.81,2,BH5,14.93,6.01,6.99,-7.43
435.0,178.68,-1091.83,3,BH5,2.2,4.89,-4.38,7.03
435.0,178.68,-1101.84,3,BH5,14.3,5.82,-9.07,7.66
435.0,178.68,-1111.86,3,BH5,10.36,7.18,-10.51,-1.7
435.0,178.68,-1121.88,3,BH5,10.71,6.59,-3.32,-0.19
435.0,178.68,-1131.89,3,BH5,3.47,8.51,-8.81,4.17
435.0,178.68,-1141.91,3,BH5,6.89,4.97,-5.11,1.38
435.0,178.68,-1151.93,3,BH5,7.15,8.78,-4.51,2.22
435.0,178.68,-1161.94,3,BH5,8.79,6.66,-3.75,2.65
435.0,178.68,-1171.96,3,BH5,8.15,5.94,-2.24,4.4
435.0,178.68,-1181.98,3,BH5,11.0,6.03,-7.5,2.3
435.0,178.68,-1191.99,3,BH5,13.37,7.79,-5.34,5.6
435.0,178.68,-1202.01,3,BH5,1.17,10.2,-4.75,5.02
435.0,178.68,-1212.03,3,BH5,4.39,6.23,-4.54,-0.67
435.0,178.68,-1222.04,3,BH5,6.72,7.44,-4.58,4.5
435.0,178.68,-1232.06,3,BH5,10.19,8.45,-5.33,3.98
435.0,178.68,-1242.08,3,BH5,8.64,1.57,-5.07,3.96
435.0,178.68,-1252.09,3,BH5,9.31,10.41,0.31,-2.95
435.0,178.68,-1262.11,3,BH5,16.29,5.77,-8.42,3.1
435.0,178.68,-1272.13,3,BH5,9.91,1.84,-8.43,-0.25
435.0,178.68,-1282.14,3,BH5,4.82,8.77,-9.66,-0.74
435.0,178.68,-1292.16,4,BH5,-7.52,-12.4,-5.81,-6.54
435.0,178.68,-1302.18,4,BH5,-10.08,-5.76,1.14,-6.08
435.0,178.68,-1312.19,4,BH5,-9.53,-6.58,4.19,-2.86
435.0,178.68,-1322.21,4,BH5,-6.5,-9.52,-3.5,-7.78
435.0,178.68,-1332.23,4,BH5,-11.95,-4.19,-10.89,-10.7
435.0,178.68,-1342.24,4,BH5,-3.03,-3.18,-2.92,-5.49
435.0,178.68,-1352.26,4,BH5,-8.6,-5.4,-4.56,-8.77
435.0,178.68,-1362.28,4,BH5,-9.76,-10.81,-7.19,-9.53
435.0,178.68,-1372.29,4,BH5,-12.06,-0.13,-0.94,-11.91
435.0,178.68,-1382.31,4,BH5,-10.62,-6.97,-2.39,-6.12
435.0,178.68,-1392.33,4,BH5,-8.21,-7.21,-1.57,1.3
435.0,178.68,-1402.34,4,BH5,-13.23,-7.55,-8.63,-4.19
435.0,178.68,-1412.36,4,BH5,-4.66,-7.94,-3.17,-7.22
435.0,178.68,-1422.38,4,BH5,-12.37,-8.32,-3.07,-5.1
435.0,178.68,-1432.4,4,BH5,-12.18,-9.94,-6.46,-5.34
435.0,178.68,-1442.41,4,BH5,-11.24,-6.71,-1.13,-7.38
435.0,178.68,-1452.43,4,BH5,-10.55,-8.05,-6.5,-7.77
435.0,178.68,-1462.45,4,BH5,-8.43,-10.46,-5.75,-7.73
435.0,178.68,-1472.46,4,BH5,-8.57,-9.24,-8.22,-4.36
435.0,178.68,-1482.48,4,BH5,-15.18,-9.52,-8.04,-9.24
435.0,178.68,-1492.5,0,BH5,-10.37,-11.0,-1.62,6.21
435.0,178.68,-1502.51,0,BH5,-10.72,-5.18,-1.13,5.08
435.0,178.68,-1512.53,0,BH5,-3.76,-10.93,3.16,3.98
435.0,178.68,-1522.55,0,BH5,-9.96,-7.67,-1.42,7.51
435.0,178.68,-1532.56,0,BH5,-8.57,-11.79,1.62,6.23
435.0,178.68,-1542.58,0,BH5,-1.42,-8.47,-2.13,4.96
435.0,178.68,-1552.6,0,BH5,-7.02,-18.39,0.75,4.54
435.0,178.68,-1562.61,0,BH5,-1.35,-11.66,0.86,3.21
435.0,178.68,-1572.63,0,BH5,-5.45,-11.58,-2.49,1.82
435.0,178.68,-1582.65,0,BH5,-0.3,-8.62,2.22,3.21
435.0,178.68,-1592.66,0,BH5,-6.13,-8.68,3.32,0.29
435.0,178.68,-1602.68,0,BH5,-11.46,-8.62,-2.17,3.66
435.0,178.68,-1612.7,0,BH5,-2.3,-8.29,-6.64,10.21
435.0,178.68,-1622.71,0,BH5,-10.48,-11.3,-3.04,6.84
435.0,178.68,-1632.73,0,BH5,-3.57,-9.3,6.63,11.17
435.0,178.68,-1642.75,0,BH5,-8.41,-9.27,-3.9,4.49
435.0,178.68,-1652.76,0,BH5,-3.99,-12.26,-4.54,3.83
435.0,178.68,-1662.78,0,BH5,-8.57,-5.74,-3.78,6.06
435.0,178.68,-1672.8,0,BH5,-10.48,-11.71,1.14,8.31
435.0,178.68,-1682.81,0,BH5,-8.78,-10.36,0.73,5.35
435.0,178.68,-1692.83,0,BH5,-6.55,-4.16,2.09,4.76
435.0,178.68,-1702.85,0,BH5,-6.39,-7.99,-5.46,-0.71
435.0,178.68,-1712.86,0,BH5,-5.71,-12.65,2.46,5.45
435.0,178.68,-1722.88,0,BH5,-10.42,-9.89,0.79,6.38
435.0,178.68,-1732.9,0,BH5,-7.99,-12.22,-4.2,6.89
435.0,178.68,-1742.91,0,BH5,-3.94,-8.51,1.19,8.81
435.0,178.68,-1752.93,0,BH5,-1.42,-4.22,1.94,6.12
435.0,178.68,-1762.95,0,BH5,-9.94,-8.48,5.02,2.84
435.0,178.68,-1772.96,0,BH5,-4.46,-6.11,2.75,5.84
435.0,178.68,-1782.98,0,BH5,-4.09,-6.35,3.19,3.3
435.0,178.68,-1793.0,0,BH5,-7.84,-12.5,0.7,5.64
435.0,178.68,-1803.02,0,BH5,-4.35,-9.32,-1.59,7.29
435.0,178.68,-1813.03,0,BH5,-8.11,-9.66,0.16,7.04
435.0,178.68,-1823.05,0,BH5,-5.62,-8.5,-2.36,3.17
435.0,178.68,-1833.07,0,BH5,-8.37,-11.99,3.23,5.42
435.0,178.68,-1843.08,0,BH5,-4.02,-5.92,-3.12,3.73
435.0,178.68,-1853.1,0,BH5,-8.14,-5.34,1.38,2.74
435.0,178.68,-1863.12,0,BH5,-2.34,-14.73,3.24,6.44
435.0,178.68,-1873.13,0,BH5,-7.51,-5.81,-0.0,-0.91
435.0,178.68,-1883.15,0,BH5,-5.75,-6.82,-5.45,5.18
435.0,178.68,-1893.17,0,BH5,-5.72,-5.93,-1.78,2.89
435.0,178.68,-1903.18,0,BH5,-5.72,-10.49,-2.27,2.71
435.0,178.68,-1913.2,0,BH5,-7.9,-8.19,-0.49,6.05
435.0,178.68,-1923.22,0,BH5,-6.9,-5.72,-1.75,9.46
435.0,178.68,-1933.23,0,BH5,-4.67,-6.06,-1.39,3.58
435.0,178.68,-1943.25,0,BH5,-13.89,-13.38,-2.03,8.03
435.0,178.68,-1953.27,0,BH5,-5.97,-14.81,-2.91,6.12
435.0,178.68,-1963.28,0,BH5,-7.21,-10.57,-5.54,-0.29
435.0,178.68,-1973.3,0,BH5,-8.26,-9.38,2.85,2.28
435.0,178.68,-1983.32,0,BH5,-8.58,-7.68,0.2,2.47
435.0,178.68,-1993.33,0,BH5,-2.96,-8.01,-0.39,10.42
1805.0,189.18,-0.0,1,BH6,-1.44,0.35,-5.23,3.04
1805.0,189.18,-10.02,1,BH6,-4.43,1.26,-7.9,-1.74
1805.0,189.18,-20.03,1,BH6,2.42,3.51,-8.8,0.69
1805.0,189.18,-30.05,1,BH6,1.51,-2.06,-11.01,1.91
1805.0,189.18,-40.07,1,BH6,-1.22,2.27,-10.43,-4.77
1805.0,189.18,-50.08,1,BH6,-2.38,-2.35,-6.64,-0.62
1805.0,189.18,-60.1,1,BH6,-0.54,-3.38,-11.12,-1.78
1805.0,189.18,-70.12,1,BH6,-1.73,2.55,-10.56,-0.91
1805.0,189.18,-80.13,1,BH6,0.96,0.29,-11.66,-0.83
1805.0,189.18,-90.15,1,BH6,-2.78,-7.35,-5.85,-1.2
1805.0,189.18,-100.17,1,BH6,-1.71,3.02,-13.42,2.73
1805.0,189.18,-110.18,1,BH6,-3.55,-4.87,-7.03,2.32
1805.0,189.18,-120.2,1,BH6,-0.6,-0.72,-4.94,3.49
1805.0,189.18,-130.22,1,BH6,2.08,-0.01,-8.12,0.83
1805.0,189.18,-140.23,1,BH6,-6.38,4.71,-11.05,1.05
1805.0,189.18,-150.25,1,BH6,2.07,-1.83,-8.99,1.36
1805.0,189.18,-160.27,1,BH6,0.11,1.41,-4.06,-4.82
1805.0,189.18,-170.28,1,BH6,-3.36,-7.13,-6.11,-0.52
1805.0,189.18,-180.3,1,BH6,-5.97,1.74,-10.01,2.73
1805.0,189.18,-190.32,1,BH6,-3.96,0.53,-11.85,6.91
1805.0,189.18,-200.33,1,BH6,-3.31,6.33,-9.22,3.2
1805.0,189.18,-210.35,1,BH6,-3.23,-4.36,-9.66,-0.56
1805.0,189.18,-220.37,1,BH6,2.17,-2.35,-9.49,-3.63
1805.0,189.18,-230.39,1,BH6,3.08,3.96,-11.88,5.09
1805.0,189.18,-240.4,1,BH6,-3.79,1.54,-15.78,-4.81
1805.0,189.18,-250.42,1,BH6,0.65,5.04,-7.35,-1.14
1805.0,189.18,-260.44,1,BH6,-6.57,-0.35,-7.58,3.67
1805.0,189.18,-270.45,1,BH6,-4.54,1.89,-15.34,3.65
1805.0,189.18,-280.47,1,BH6,-3.13,-1.68,-12.96,-3.09
1805.0,189.18,-290.49,1,BH6,-1.79,0.33,-8.74,-4.65
1805.0,189.18,-300.5,1,BH6,-6.05,-0.21,-12.36,-0.19
1805.0,189.18,-310.52,1,BH6,3.38,3.63,-9.92,-7.18
1805.0,189.18,-320.54,1,BH6,-1.79,-2.69,-3.31,5.01
1805.0,189.18,-330.55,1,BH6,-0.79,-1.67,-14.21,-6.39
1805.0,189.18,-340.57,1,BH6,-1.94,-4.35,-4.35,4.2
1805.0,189.18,-350.59,1,BH6,3.16,-4.71,-8.13,-0.04
1805.0,189.18,-360.6,1,BH6,1.13,-1.09,-10.79,-2.15
1805.0,189.18,-370.62,1,BH6,-4.23,-4.36,-13.84,3.92
1805.0,189.18,-380.64,1,BH6,-1.07,2.43,-9.78,8.07
1805.0,189.18,-390.65,1,BH6,-0.75,-2.78,-11.91,2.18
1805.0,189.18,-400.67,1,BH6,2.62,4.46,-8.99,0.13
1805.0,189.18,-410.69,1,BH6,-3.59,2.43,-10.62,-2.17
1805.0,189.18,-420.7,1,BH6,1.29,3.43,-7.81,-1.89
1805.0,189.18,-430.72,1,BH6,-2.13,6.47,-10.4,-3.8
1805.0,189.18,-440.74,1,BH6,-3.87,-3.58,-7.66,-1.65
1805.0,189.18,-450.75,1,BH6,-1.43,0.25,-11.61,-4.13
1805.0,189.18,-460.77,1,BH6,-1.35,4.54,-4.2,-1.38
1805.0,189.18,-470.79,1,BH6,-3.33,0.69,-10.73,-6.37
1805.0,189.18,-480.8,1,BH6,0.38,-2.33,-10.65,3.04
1805.0,189.18,-490.82,1,BH6,0.08,2.43,-11.08,-1.51
1805.0,189.18,-500.84,1,BH6,-4.3,5.98,-5.48,-0.15
1805.0,189.18,-510.85,1,BH6,-2.65,-3.42,-4.92,1.71
1805.0,189.18,-520.87,1,BH6,5.39,2.46,-9.65,1.02
1805.0,189.18,-530.89,2,BH6,7.24,8.6,1.29,-6.31
1805.0,189.18,-540.9,2,BH6,7.19,11.51,0.85,-9.15
1805.0,189.18,-550.92,2,BH6,7.18,11.28,7.31,-6.19
1805.0,189.18,-560.94,2,BH6,9.47,6.88,0.24,-14.67
1805.0,189.18,-570.95,2,BH6,7.85,11.47,3.28,-9.57
1805.0,189.18,-580.97,2,BH6,8.31,3.15,4.71,-7.73
1805.0,189.18,-590.99,2,BH6,9.71,8.46,4.15,-7.81
1805.0,189.18,-601.01,2,BH6,12.06,7.94,5.53,-10.18
1805.0,189.18,-611.02,2,BH6,9.21,9.08,5.31,-0.43
1805.0,189.18,-621.04,2,BH6,10.6,3.55,2.82,-8.32
1805.0,189.18,-631.06,2,BH6,7.87,9.59,5.71,-8.78
1805.0,189.18,-641.07,2,BH6,1.25,6.98,7.07,-10.42
1805.0,189.18,-651.09,2,BH6,8.56,10.2,4.6,-4.97
1805.0,189.18,-661.11,2,BH6,11.76,2.97,2.19,-9.59
1805.0,189.18,-671.12,2,BH6,9.53,5.36,7.48,-10.1
1805.0,189.18,-681.14,2,BH6,6.51,5.73,7.11,-7.77
1805.0,189.18,-691.16,2,BH6,9.95,5.3,3.5,-7.25
1805.0,189.18,-701.17,2,BH6,6.85,4.83,2.31,-13.05
1805.0,189.18,-711.19,2,BH6,8.54,5.73,5.67,-8.47
1805.0,189.18,-721.21,3,BH6,2.17,11.27,-4.15,1.44
1805.0,189.18,-731.22,3,BH6,7.91,4.54,-8.47,1.63
1805.0,189.18,-741.24,3,BH6,13.38,6.13,-5.07,3.67
1805.0,189.18,-751.26,3,BH6,5.83,6.45,-8.96,3.04
1805.0,189.18,-761.27,3,BH6,4.37,-1.21,-5.0,7.83
1805.0,189.18,-771.29,3,BH6,12.59,7.86,-7.16,5.35
1805.0,189.18,-781.31,3,BH6,7.23,7.52,-4.58,8.4
1805.0,189.18,-791.32,3,BH6,2.83,8.44,-11.14,4.1
1805.0,189.18,-801.34,3,BH6,10.59,7.06,-9.72,0.45
1805.0,189.18,-811.36,3,BH6,8.1,6.83,-4.36,5.71
1805.0,189.18,-821.37,3,BH6,11.86,4.63,0.38,-3.25
1805.0,189.18,-831.39,3,BH6,7.56,8.59,-7.57,-0.64
1805.0,189.18,-841.41,3,BH6,5.49,7.09,-4.35,3.39
1805.0,189.18,-851.42,3,BH6,8.66,8.89,-3.31,3.59
1805.0,189.18,-861.44,3,BH6,9.57,6.11,-8.19,6.89
1805.0,189.18,-871.46,3,BH6,8.32,3.32,-8.39,-2.92
1805.0,189.18,-881.47,3,BH6,8.24,6.32,-6.29,0.78
1805.0,189.18,-891.49,3,BH6,0.54,4.7,-6.52,4.22
1805.0,189.18,-901.51,3,BH6,10.86,7.74,-5.91,-0.76
1805.0,189.18,-911.52,4,BH6,1.29,-2.96,-2.79,-9.96
1805.0,189.18,-921.54,4,BH6,-12.85,-9.36,-5.84,-5.46
1805.0,189.18,-931.56,4,BH6,-8.26,-12.26,-4.62,-7.87
1805.0,189.18,-941.57,4,BH6,-6.6,-7.83,-3.18,-1.14
1805.0,189.18,-951.59,4,BH6,-7.06,-5.29,-3.64,-11.49
1805.0,189.18,-961.61,4,BH6,-9.22,-6.46,-0.37,-7.89
1805.0,189.18,-971.62,4,BH6,-7.16,-11.94,1.4,-2.5
1805.0,189.18,-981.64,4,BH6,-12.3,-9.11,0.79,-7.77
1805.0,189.18,-991.66,4,BH6,-12.06,-3.04,-3.27,-5.52
1805.0,189.18,-1001.67,4,BH6,-10.09,-7.03,-3.81,-11.26
1805.0,189.18,-1011.69,4,BH6,-4.62,-7.95,-4.06,-3.66
1805.0,189.18,-1021.71,4,BH6,-12.48,-12.41,-7.4,-8.06
1805.0,189.18,-1031.73,4,BH6,-14.66,-8.94,-6.32,-1.33
1805.0,189.18,-1041.74,4,BH6,-8.52,-13.43,-7.46,-6.78
1805.0,189.18,-1051.76,4,BH6,-11.78,-8.88,-5.47,-7.85
1805.0,189.18,-1061.78,4,BH6,-11.51,-10.16,-4.21,-4.68
1805.0,189.18,-1071.79,4,BH6,-6.96,-12.61,-0.84,-4.26
1805.0,189.18,-1081.81,4,BH6,-7.31,-4.8,-3.19,-2.95
1805.0,189.18,-1091.83,4,BH6,-14.49,-6.02,-0.64,-5.21
1805.0,189.18,-1101.84,4,BH6,-6.25,-5.79,-6.71,-2.92
1805.0,189.18,-1111.86,0,BH6,-3.2,-13.87,-2.3,4.71
1805.0,189.18,-1121.88,0,BH6,-6.25,-4.03,-1.25,9.38
1805.0,189.18,-1131.89,0,BH6,-8.54,-13.23,2.71,7.13
1805.0,189.18,-1141.91,0,BH6,-2.0,-6.91,-1.91,6.62
1805.0,189.18,-1151.93,0,BH6,-5.1,-12.82,-2.52,8.74
1805.0,189.18,-1161.94,0,BH6,-6.6,-15.79,-5.84,7.39
1805.0,189.18,-1171.96,0,BH6,-9.95,-10.28,-1.86,2.51
1805.0,189.18,-1181.98,0,BH6,-11.05,-6.78,0.29,4.91
1805.0,189.18,-1191.99,0,BH6,-9.43,-10.52,-2.11,6.42
1805.0,189.18,-1202.01,0,BH6,-0.87,-14.91,-3.77,2.78
1805.0,189.18,-1212.03,0,BH6,-7.41,-8.55,-1.12,-0.89
1805.0,189.18,-1222.04,0,BH6,-3.24,-11.43,-1.61,4.13
1805.0,189.18,-1232.06,0,BH6,-8.88,-10.55,2.55,5.11
1805.0,189.18,-1242.08,0,BH6,-7.54,-7.13,0.92,4.24
1805.0,189.18,-1252.09,0,BH6,-4.24,-10.86,-3.63,2.45
1805.0,189.18,-1262.11,0,BH6,-2.4,-7.9,0.19,-0.38
1805.0,189.18,-1272.13,0,BH6,-7.18,-12.76,-2.48,7.01
1805.0,189.18,-1282.14,0,BH6,-5.19,-11.96,3.63,5.91
1805.0,189.18,-1292.16,0,BH6,-13.4,-9.71,2.98,2.98
1805.0,189.18,-1302.18,0,BH6,-3.13,-12.29,-0.63,3.47
1805.0,189.18,-1312.19,0,BH6,-2.99,-7.83,-0.64,2.57
1805.0,189.18,-1322.21,0,BH6,0.07,-7.78,-2.41,1.94
1805.0,189.18,-1332.23,0,BH6,-3.05,0.47,2.92,6.58
1805.0,189.18,-1342.24,0,BH6,-3.21,-8.22,-3.45,2.95
1805.0,189.18,-1352.26,0,BH6,-4.84,-7.94,-1.44,7.98
1805.0,189.18,-1362.28,0,BH6,-6.17,-11.63,1.39,5.88
1805.0,189.18,-1372.29,0,BH6,-4.56,-8.5,-2.47,-5.96
1805.0,189.18,-1382.31,0,BH6,-10.51,-12.16,-2.5,11.76
1805.0,189.18,-1392.33,0,BH6,-4.45,-9.36,-6.57,9.93
1805.0,189.18,-1402.34,0,BH6,-10.65,-9.28,-3.64,8.61
1805.0,189.18,-1412.36,0,BH6,-8.77,-9.57,6.55,8.77
1805.0,189.18,-1422.38,0,BH6,-3.81,-12.23,3.02,4.23
1805.0,189.18,-1432.4,0,BH6,-1.95,-10.51,-1.04,4.23
1805.0,189.18,-1442.41,0,BH6,-7.99,-4.9,-2.58,3.18
1805.0,189.18,-1452.43,0,BH6,-6.67,-10.42,3.63,3.87
1805.0,189.18,-1462.45,0,BH6,-3.05,-12.38,-2.19,2.81
1805.0,189.18,-1472.46,0,BH6,-10.72,-12.37,3.84,2.36
1805.0,189.18,-1482.48,0,BH6,-8.7,-14.11,4.41,-0.12
1805.0,189.18,-1492.5,0,BH6,-5.93,-11.66,-7.34,6.09
1805.0,189.18,-1502.51,0,BH6,-4.61,-11.66,-2.88,-1.23
1805.0,189.18,-1512.53,0,BH6,-7.53,-11.08,-2.67,6.6
1805.0,189.18,-1522.55,0,BH6,-3.61,-8.41,-1.9,9.45
1805.0,189.18,-1532.56,0,BH6,-9.19,-6.67,5.13,5.17
1805.0,189.18,-1542.58,0,BH6,-4.29,-9.59,-1.81,3.1
1805.0,189.18,-1552.6,0,BH6,-6.22,-10.88,2.13,4.27
1805.0,189.18,-1562.61,0,BH6,-4.12,-9.33,1.2,4.06
1805.0,189.18,-1572.63,0,BH6,-4.05,-10.38,6.25,0.31
1805.0,189.18,-1582.65,0,BH6,-2.66,-10.94,-1.81,5.71
1805.0,189.18,-1592.66,0,BH6,-7.63,-7.78,-0.99,6.28
1805.0,189.18,-1602.68,0,BH6,-8.14,-12.33,-0.34,2.17
1805.0,189.18,-1612.7,0,BH6,-7.46,-12.28,3.83,5.36
1805.0,189.18,-1622.71,0,BH6,-1.44,-11.62,-0.56,6.41
1805.0,189.18,-1632.73,0,BH6,-7.62,-5.92,0.31,3.04
1805.0,189.18,-1642.75,0,BH6,-1.21,-12.43,-2.43,7.44
1805.0,189.18,-1652.76,0,BH6,-11.65,-9.91,0.7,6.04
1805.0,189.18,-1662.78,0,BH6,-1.28,-5.5,-2.69,6.73
1805.0,189.18,-1672.8,0,BH6,-6.25,-8.23,0.65,3.8
1805.0,189.18,-1682.81,0,BH6,-2.77,-12.14,-1.16,5.65
1805.0,189.18,-1692.83,0,BH6,-6.18,-2.0,-2.72,5.46
1805.0,189.18,-1702.85,0,BH6,-5.33,-7.57,0.77,4.91
1805.0,189.18,-1712.86,0,BH6,-5.72,-11.05,-7.54,-0.04
1805.0,189.18,-1722.88,0,BH6,-7.33,-9.46,3.2,4.1
1805.0,189.18,-1732.9,0,BH6,-11.03,-13.91,0.16,7.11
1805.0,189.18,-1742.91,0,BH6,-13.33,-4.17,-0.58,3.59
1805.0,189.18,-1752.93,0,BH6,-5.33,-9.79,-5.71,8.48
1805.0,189.18,-1762.95,0,BH6,0.55,-6.43,1.61,2.13
1805.0,189.18,-1772.96,0,BH6,-13.78,-10.1,-2.18,4.12
1805.0,189.18,-1782.98,0,BH6,-7.87,-8.51,-7.37,6.76
1805.0,189.18,-1793.0,0,BH6,-10.29,-11.76,0.81,5.27
1805.0,189.18,-1803.02,0,BH6,-13.27,-5.89,-7.84,3.93
1805.0,189.18,-1813.03,0,BH6,-9.86,-9.15,0.69,0.87
1805.0,189.18,-1823.05,0,BH6,0.44,-8.4,-5.72,4.84
1805.0,189.18,-1833.07,0,BH6,-5.79,-11.33,-2.51,5.29
1805.0,189.18,-1843.08,0,BH6,-3.81,-7.94,-3.23,0.7
1805.0,189.18,-1853.1,0,BH6,-2.75,-10.85,-3.94,5.22
1805.0,189.18,-1863.12,0,BH6,-10.57,-8.86,-1.56,1.53
1805.0,189.18,-1873.13,0,BH6,-5.73,-10.7,-1.27,1.19
1805.0,189.18,-1883.15,0,BH6,-3.94,-9.5,-0.88,9.87
1805.0,189.18,-1893.17,0,BH6,-3.24,-4.91,-3.07,4.13
1805.0,189.18,-1903.18,0,BH6,-2.47,-9.35,-0.85,10.02
1805.0,189.18,-1913.2,0,BH6,-4.86,-8.59,-4.25,1.36
1805.0,189.18,-1923.22,0,BH6,-4.26,-11.29,-0.63,-1.85
1805.0,189.18,-1933.23,0,BH6,-7.51,-13.95,-2.01,8.61
1805.0,189.18,-1943.25,0,BH6,-4.53,-10.73,3.7,1.89
1805.0,189.18,-1953.27,0,BH6,-3.74,-7.62,0.38,-0.08
1805.0,189.18,-1963.28,0,BH6,-5.45,-11.34,0.82,4.33
1805.0,189.18,-1973.3,0,BH6,-9.08,-2.51,3.74,3.61
1805.0,189.18,-1983.32,0,BH6,-12.64,-15.77,-2.97,2.7
1805.0,189.18,-1993.33,0,BH6,-4.33,-10.59,1.18,1.19
515.0,10.82,-0.0,1,BH7,-1.95,-3.52,-7.3,-0.41
515.0,10.82,-10.02,1,BH7,-3.96,-5.51,-11.82,1.25
515.0,10.82,-20.03,1,BH7,2.14,2.34,-11.38,0.2
515.0,10.82,-30.05,1,BH7,-2.12,-6.72,-11.5,3.59
515.0,10.82,-40.07,1,BH7,1.97,0.01,-9.88,1.51
515.0,10.82,-50.08,1,BH7,-2.6,1.05,-6.99,-1.84
515.0,10.82,-60.1,1,BH7,-2.48,-1.18,-15.3,-3.51
515.0,10.82,-70.12,1,BH7,-2.41,1.11,-6.96,-1.24
515.0,10.82,-80.13,1,BH7,0.7,2.65,-7.97,-2.9
515.0,10.82,-90.15,1,BH7,-4.61,-0.95,-5.58,-3.42
515.0,10.82,-100.17,1,BH7,-3.06,-3.38,-15.68,1.75
515.0,10.82,-110.18,1,BH7,-4.59,-3.62,-11.96,2.97
515.0,10.82,-120.2,1,BH7,0.92,-1.05,-11.14,-4.93
515.0,10.82,-130.22,1,BH7,-3.82,1.54,-6.77,-0.72
515.0,10.82,-140.23,1,BH7,3.55,-3.24,-6.31,1.16
515.0,10.82,-150.25,1,BH7,1.19,0.86,-5.55,-0.17
515.0,10.82,-160.27,1,BH7,1.72,-2.31,-11.14,-2.78
515.0,10.82,-170.28,1,BH7,-4.0,0.21,-8.2,-4.14
515.0,10.82,-180.3,1,BH7,-0.11,-0.38,-6.51,-3.42
515.0,10.82,-190.32,1,BH7,-2.4,1.91,-5.26,-2.98
515.0,10.82,-200.33,1,BH7,0.61,-7.03,-8.72,-2.86
515.0,10.82,-210.35,1,BH7,1.49,0.28,-5.95,-1.92
515.0,10.82,-220.37,1,BH7,2.83,-2.53,-11.03,-2.54
515.0,10.82,-230.39,1,BH7,-2.47,-0.15,-6.51,4.42
515.0,10.82,-240.4,1,BH7,-1.86,0.96,-5.86,2.9
515.0,10.82,-250.42,1,BH7,2.7,4.28,-7.88,-2.34
515.0,10.82,-260.44,1,BH7,0.17,-1.8,-6.72,-0.11
515.0,10.82,-270.45,1,BH7,1.42,0.5,-11.42,-1.14
515.0,10.82,-280.47,1,BH7,5.5,5.17,-14.07,-2.88
515.0,10.82,-290.49,1,BH7,0.47,-7.76,-8.0,2.2
515.0,10.82,-300.5,1,BH7,-1.04,3.23,-5.47,-4.68
515.0,10.82,-310.52,1,BH7,-0.25,-0.17,-12.45,-1.52
515.0,10.82,-320.54,1,BH7,0.87,0.85,-18.83,-3.47
515.0,10.82,-330.55,1,BH7,-4.57,0.01,-11.84,0.24
515.0,10.82,-340.57,1,BH7,-1.25,2.74,-7.79,4.45
515.0,10.82,-350.59,1,BH7,-1.39,2.62,-7.65,1.28
515.0,10.82,-360.6,1,BH7,-4.47,-0.31,-13.18,4.25
515.0,10.82,-370.62,1,BH7,-0.28,2.85,-11.35,0.79
515.0,10.82,-380.64,1,BH7,-2.48,0.92,-4.37,-1.21
515.0,10.82,-390.65,1,BH7,-0.37,-2.81,-13.97,0.6
515.0,10.82,-400.67,1,BH7,1.43,0.89,-10.31,4.34
515.0,10.82,-410.69,1,BH7,-6.73,-3.25,-10.33,-1.34
515.0,10.82,-420.7,1,BH7,1.73,-2.37,-9.41,2.69
515.0,10.82,-430.72,1,BH7,-0.72,1.08,-13.44,0.99
515.0,10.82,-440.74,1,BH7,-0.63,0.72,-7.54,-2.31
515.0,10.82,-450.75,1,BH7,1.64,4.95,-16.8,-6.24
515.0,10.82,-460.77,1,BH7,-5.45,-0.13,-9.95,2.31
515.0,10.82,-470.79,1,BH7,2.24,0.33,-13.51,-2.76
515.0,10.82,-480.8,1,BH7,-3.88,1.14,-11.97,-2.79
515.0,10.82,-490.82,1,BH7,-4.17,-4.38,-10.79,0.6
515.0,10.82,-500.84,1,BH7,-0.89,-3.1,-11.32,0.63
515.0,10.82,-510.85,1,BH7,0.89,1.21,-7.2,-1.83
515.0,10.82,-520.87,1,BH7,-4.72,-2.57,-6.19,-1.53
515.0,10.82,-530.89,1,BH7,0.35,2.68,-11.13,-0.62
515.0,10.82,-540.9,1,BH7,-4.0,2.01,-8.44,-3.13
515.0,10.82,-550.92,1,BH7,-4.64,-1.81,-9.95,0.63
515.0,10.82,-560.94,1,BH7,-8.43,-3.95,-10.19,0.81
515.0,10.82,-570.95,1,BH7,1.14,-1.25,-6.45,4.08
515.0,10.82,-580.97,1,BH7,-3.94,0.09,-13.61,3.16
515.0,10.82,-590.99,1,BH7,1.64,1.17,-9.51,-1.05
515.0,10.82,-601.01,1,BH7,0.16,3.07,-14.95,1.12
515.0,10.82,-611.02,1,BH7,-0.64,1.95,-10.24,-1.21
515.0,10.82,-621.04,1,BH7,-2.07,-6.58,-10.92,0.22
515.0,10.82,-631.06,1,BH7,-3.34,6.1,-14.36,0.08
515.0,10.82,-641.07,1,BH7,4.14,1.94,-14.57,-2.43
515.0,10.82,-651.09,1,BH7,-1.53,-1.32,-15.54,-1.5
515.0,10.82,-661.11,1,BH7,-1.71,1.24,-8.72,1.53
515.0,10.82,-671.12,1,BH7,-1.84,-1.54,-12.04,-0.85
515.0,10.82,-681.14,1,BH7,-4.48,3.75,-7.88,2.64
515.0,10.82,-691.16,1,BH7,-5.73,0.83,-2.48,2.25
515.0,10.82,-701.17,1,BH7,-1.05,-4.71,-9.7,8.02
515.0,10.82,-711.19,1,BH7,-7.27,2.15,-9.88,-1.83
515.0,10.82,-721.21,1,BH7,2.54,3.65,-6.44,-5.21
515.0,10.82,-731.22,1,BH7,-3.49,-4.4,-9.03,3.73
515.0,10.82,-741.24,1,BH7,-5.7,-1.2,-10.95,1.6
515.0,10.82,-751.26,1,BH7,0.84,-0.64,-7.34,-1.04
515.0,10.82,-761.27,1,BH7,-2.17,0.78,-12.22,-1.8
515.0,10.82,-771.29,1,BH7,-1.24,-1.18,-7.49,0.03
515.0,10.82,-781.31,1,BH7,-3.41,2.21,-6.12,1.55
515.0,10.82,-791.32,1,BH7,-4.29,2.1,-7.0,-3.19
515.0,10.82,-801.34,1,BH7,-1.39,0.28,-12.94,1.08
515.0,10.82,-811.36,1,BH7,-6.96,-4.72,-12.14,-0.7
515.0,10.82,-821.37,1,BH7,-0.38,-0.11,-12.49,-0.64
515.0,10.82,-831.39,1,BH7,-2.2,1.85,-7.88,-1.65
515.0,10.82,-841.41,2,BH7,4.85,6.46,6.09,-8.6
515.0,10.82,-851.42,2,BH7,10.0,3.7,2.6,-5.14
515.0,10.82,-861.44,2,BH7,5.35,5.99,4.19,-6.24
515.0,10.82,-871.46,2,BH7,6.75,10.34,4.95,-11.1
515.0,10.82,-881.47,2,BH7,8.96,6.18,3.25,-1.42
515.0,10.82,-891.49,2,BH7,8.04,7.35,7.69,-11.96
515.0,10.82,-901.51,2,BH7,2.99,9.09,6.23,-1.61
515.0,10.82,-911.52,2,BH7,7.49,3.31,4.48,-15.52
515.0,10.82,-921.54,2,BH7,3.29,7.64,7.86,-4.7
515.0,10.82,-931.56,2,BH7,10.71,5.76,-1.67,-8.18
515.0,10.82,-941.57,2,BH7,11.13,7.18,-0.2,-9.1
515.0,10.82,-951.59,2,BH7,6.81,7.36,8.52,-9.23
515.0,10.82,-961.61,2,BH7,6.79,6.92,3.03,-7.93
515.0,10.82,-971.62,2,BH7,6.71,4.47,-1.05,-3.85
515.0,10.82,-981.64,2,BH7,9.79,6.76,3.75,-11.43
515.0,10.82,-991.66,2,BH7,8.19,4.19,6.63,-5.83
515.0,10.82,-1001.67,2,BH7,14.84,6.82,2.12,-12.33
515.0,10.82,-1011.69,2,BH7,7.16,2.6,3.86,-2.81
515.0,10.82,-1021.71,2,BH7,10.61,11.86,0.13,-8.74
515.0,10.82,-1031.73,2,BH7,10.67,7.9,1.46,-7.73
515.0,10.82,-1041.74,3,BH7,11.57,5.6,-9.37,0.88
515.0,10.82,-1051.76,3,BH7,0.72,6.73,-1.53,5.97
515.0,10.82,-1061.78,3,BH7,4.06,6.21,-7.19,-0.18
515.0,10.82,-1071.79,3,BH7,8.5,10.18,-11.38,-2.44
515.0,10.82,-1081.81,3,BH7,6.83,7.99,-13.58,4.63
515.0,10.82,-1091.83,3,BH7,10.68,0.98,-4.65,10.32
515.0,10.82,-1101.84,3,BH7,7.63,5.98,-3.16,1.86
515.0,10.82,-1111.86,3,BH7,12.97,7.12,-8.18,-0.41
515.0,10.82,-1121.88,3,BH7,9.54,6.0,-11.92,0.09
515.0,10.82,-1131.89,3,BH7,12.59,7.81,-3.43,7.46
515.0,10.82,-1141.91,3,BH7,3.56,3.99,-9.86,1.88
515.0,10.82,-1151.93,3,BH7,8.08,5.79,-9.61,1.87
515.0,10.82,-1161.94,3,BH7,7.03,4.74,-4.76,1.54
515.0,10.82,-1171.96,3,BH7,11.28,5.71,-5.72,6.97
515.0,10.82,-1181.98,3,BH7,2.02,2.17,-11.06,3.82
515.0,10.82,-1191.99,3,BH7,8.44,11.15,-6.27,-1.99
515.0,10.82,-1202.01,3,BH7,3.01,6.95,-3.85,-2.11
515.0,10.82,-1212.03,3,BH7,4.31,8.83,-6.01,-1.47
515.0,10.82,-1222.04,3,BH7,9.91,5.88,-11.0,3.26
515.0,10.82,-1232.06,3,BH7,15.54,5.23,-9.16,0.86
515.0,10.82,-1242.08,3,BH7,6.85,7.5,-12.41,4.56
515.0,10.82,-1252.09,4,BH7,-11.29,-7.95,-1.66,-3.85
515.0,10.82,-1262.11,4,BH7,-8.18,-3.75,-3.15,-9.1
515.0,10.82,-1272.13,4,BH7,-9.11,-7.19,-1.7,-11.28
515.0,10.82,-1282.14,4,BH7,-6.38,-6.75,-4.56,-6.43
515.0,10.82,-1292.16,4,BH7,-10.65,-6.77,1.4,-9.03
515.0,10.82,-1302.18,4,BH7,-4.71,-4.33,-8.14,-6.08
515.0,10.82,-1312.19,4,BH7,-5.8,-7.39,-5.7,-6.3
515.0,10.82,-1322.21,4,BH7,-8.72,-8.54,-2.31,-6.63
515.0,10.82,-1332.23,4,BH7,-10.78,-7.61,-1.68,-8.7
515.0,10.82,-1342.24,4,BH7,-8.64,-4.2,-6.64,-3.41
515.0,10.82,-1352.26,4,BH7,-7.43,-8.97,-8.01,-1.89
515.0,10.82,-1362.28,4,BH7,-13.5,-3.01,-2.39,-8.82
515.0,10.82,-1372.29,4,BH7,-9.76,-10.91,-4.12,-8.96
515.0,10.82,-1382.31,4,BH7,-13.67,-5.48,-3.44,-4.56
515.0,10.82,-1392.33,4,BH7,-4.68,-2.2,-4.53,-8.34
515.0,10.82,-1402.34,4,BH7,-9.25,-13.39,-0.11,-7.32
515.0,10.82,-1412.36,4,BH7,-6.24,-7.56,-4.37,-8.87
515.0,10.82,-1422.38,4,BH7,-15.18,-4.42,-3.79,-6.17
515.0,10.82,-1432.4,4,BH7,-9.44,-7.67,-8.27,-2.79
515.0,10.82,-1442.41,4,BH7,-16.56,-5.86,-3.39,-12.04
515.0,10.82,-1452.43,0,BH7,-8.42,-8.5,-6.71,2.63
515.0,10.82,-1462.45,0,BH7,-8.71,-11.17,-4.07,0.11
515.0,10.82,-1472.46,0,BH7,-9.32,-12.55,-1.23,4.12
515.0,10.82,-1482.48,0,BH7,-10.18,-9.3,-2.58,6.37
515.0,10.82,-1492.5,0,BH7,-8.18,-10.38,2.51,8.04
515.0,10.82,-1502.51,0,BH7,-9.61,-8.89,-5.52,1.69
515.0,10.82,-1512.53,0,BH7,-8.28,-6.0,3.59,4.9
515.0,10.82,-1522.55,0,BH7,-10.92,-7.61,-7.73,7.34
515.0,10.82,-1532.56,0,BH7,-4.08,-13.59,-0.4,8.64
515.0,10.82,-1542.58,0,BH7,-2.7,-6.53,-3.26,0.37
515.0,10.82,-1552.6,0,BH7,-0.48,-12.41,-2.23,1.43
515.0,10.82,-1562.61,0,BH7,-9.14,-7.42,-0.22,2.31
515.0,10.82,-1572.63,0,BH7,-1.6,-4.5,-5.5,3.37
515.0,10.82,-1582.65,0,BH7,-5.24,-10.82,-1.67,3.82
515.0,10.82,-1592.66,0,BH7,-8.46,-6.08,1.63,8.19
515.0,10.82,-1602.68,0,BH7,-7.86,-1.73,-0.18,7.64
515.0,10.82,-1612.7,0,BH7,-6.75,-14.21,-0.67,5.0
515.0,10.82,-1622.71,0,BH7,-4.32,-7.53,4.09,3.75
515.0,10.82,-1632.73,0,BH7,-9.67,-15.68,-1.89,3.64
515.0,10.82,-1642.75,0,BH7,-6.8,-7.89,-0.48,8.91
515.0,10.82,-1652.76,0,BH7,-11.46,-14.7,-1.97,4.36
515.0,10.82,-1662.78,0,BH7,-7.11,-13.31,-1.25,4.77
515.0,10.82,-1672.8,0,BH7,-0.03,-15.01,-0.87,6.27
515.0,10.82,-1682.81,0,BH7,-3.28,-7.55,-6.64,0.39
515.0,10.82,-1692.83,0,BH7,-1.43,-11.25,-0.22,4.22
515.0,10.82,-1702.85,0,BH7,-7.76,-11.68,-0.3,5.56
515.0,10.82,-1712.86,0,BH7,-7.88,-12.06,-1.61,0.23
515.0,10.82,-1722.88,0,BH7,-8.1,-8.97,-7.87,8.37
515.0,10.82,-1732.9,0,BH7,-3.77,-9.4,-5.65,2.56
515.0,10.82,-1742.91,0,BH7,-7.72,-11.38,0.07,6.07
515.0,10.82,-1752.93,0,BH7,-7.88,-8.1,2.08,2.47
515.0,10.82,-1762.95,0,BH7,-1.81,-9.57,-6.65,4.33
515.0,10.82,-1772.96,0,BH7,-5.34,-4.9,-7.82,5.52
515.0,10.82,-1782.98,0,BH7,-5.14,-8.16,-3.31,3.73
515.0,10.82,-1793.0,0,BH7,-4.97,-10.97,3.88,8.27
515.0,10.82,-1803.02,0,BH7,-6.27,-10.13,-2.06,8.8
515.0,10.82,-1813.03,0,BH7,-8.11,-5.55,1.17,10.05
515.0,10.82,-1823.05,0,BH7,-7.48,-6.95,-6.84,7.51
515.0,10.82,-1833.07,0,BH7,-7.19,-11.66,-0.14,4.24
515.0,10.82,-1843.08,0,BH7,-7.72,-8.4,-1.89,3.89
515.0,10.82,-1853.1,0,BH7,-1.97,-10.29,-4.6,-0.77
515.0,10.82,-1863.12,0,BH7,-6.4,-13.37,-0.18,5.07
515.0,10.82,-1873.13,0,BH7,-7.2,-6.54,5.03,-0.05
515.0,10.82,-1883.15,0,BH7,-5.51,-11.84,4.38,6.77
515.0,10.82,-1893.17,0,BH7,-9.33,-6.33,3.49,7.43
515.0,10.82,-1903.18,0,BH7,-5.79,-7.26,-4.53,9.22
515.0,10.82,-1913.2,0,BH7,-3.97,-8.57,3.41,3.6
515.0,10.82,-1923.22,0,BH7,-9.76,-8.32,1.99,4.49
515.0,10.82,-1933.23,0,BH7,-6.01,-9.44,0.1,3.74
515.0,10.82,-1943.25,0,BH7,-3.11,-10.54,1.44,9.15
515.0,10.82,-1953.27,0,BH7,-4.29,-1.71,0.82,7.82
515.0,10.82,-1963.28,0,BH7,-2.49,-11.75,-1.02,8.6
515.0,10.82,-1973.3,0,BH7,-7.11,-8.39,5.65,2.56
515.0,10.82,-1983.32,0,BH7,-8.94,-7.5,3.64,5.97
515.0,10.82,-1993.33,0,BH7,-4.84,-7.04,4.75,4.24
775.0,21.32,-0.0,1,BH8,-4.89,2.12,-9.24,-4.8
775.0,21.32,-10.02,1,BH8,-2.0,-2.38,-11.24,3.01
775.0,21.32,-20.03,1,BH8,-0.28,-0.2,-2.7,-0.42
775.0,21.32,-30.05,1,BH8,-5.44,0.15,-11.47,-2.04
775.0,21.32,-40.07,1,BH8,-1.77,-1.71,-11.31,0.08
775.0,21.32,-50.08,1,BH8,-5.15,-0.19,-5.91,-0.52
775.0,21.32,-60.1,1,BH8,1.23,-3.88,-14.2,0.85
775.0,21.32,-70.12,1,BH8,-3.69,0.03,-7.79,0.44
775.0,21.32,-80.13,1,BH8,-6.52,1.73,-6.42,-0.59
775.0,21.32,-90.15,1,BH8,-0.97,1.71,-10.32,0.02
775.0,21.32,-100.17,1,BH8,-7.32,0.84,-16.04,-6.2
775.0,21.32,-110.18,1,BH8,-1.96,-2.4,-4.83,-4.16
775.0,21.32,-120.2,1,BH8,0.79,4.97,-9.88,4.16
775.0,21.32,-130.22,1,BH8,-1.92,-0.53,-10.65,1.44
775.0,21.32,-140.23,1,BH8,-1.59,-2.87,-6.22,0.04
775.0,21.32,-150.25,1,BH8,2.88,-1.84,-7.98,1.82
775.0,21.32,-160.27,1,BH8,-0.31,0.25,-11.21,4.62
775.0,21.32,-170.28,1,BH8,-0.42,1.59,-11.81,3.47
775.0,21.32,-180.3,1,BH8,1.23,-2.51,-6.04,4.08
775.0,21.32,-190.32,1,BH8,-1.64,-2.23,-13.92,-0.44
775.0,21.32,-200.33,1,BH8,-1.55,1.17,-7.18,0.51
775.0,21.32,-210.35,1,BH8,6.78,-1.45,-9.17,-5.37
775.0,21.32,-220.37,1,BH8,-1.3,-5.08,-10.05,0.64
775.0,21.32,-230.39,1,BH8,-2.53,7.02,-10.25,-1.21
775.0,21.32,-240.4,1,BH8,-1.34,-6.76,-5.32,-2.26
775.0,21.32,-250.42,1,BH8,-2.95,-2.11,-6.58,4.44
775.0,21.32,-260.44,1,BH8,3.44,0.52,-11.86,1.79
775.0,21.32,-270.45,1,BH8,0.84,-5.56,-8.19,1.59
775.0,21.32,-280.47,1,BH8,-5.97,1.7,-8.66,-0.4
775.0,21.32,-290.49,1,BH8,-2.85,1.38,-10.97,0.41
775.0,21.32,-300.5,1,BH8,-0.62,-5.44,-7.33,1.74
775.0,21.32,-310.52,1,BH8,0.86,-1.51,-13.98,-1.56
775.0,21.32,-320.54,1,BH8,-3.4,0.16,-15.73,0.35
775.0,21.32,-330.55,1,BH8,0.48,-0.31,-9.03,-0.96
775.0,21.32,-340.57,1,BH8,-6.03,3.24,-13.14,1.06
775.0,21.32,-350.59,1,BH8,3.08,-0.55,-9.49,-3.43
775.0,21.32,-360.6,1,BH8,-3.81,0.62,-2.08,1.03
775.0,21.32,-370.62,1,BH8,-6.19,2.59,-4.52,-2.74
775.0,21.32,-380.64,1,BH8,-5.8,1.8,-14.94,-0.36
775.0,21.32,-390.65,1,BH8,-1.84,-8.77,-7.72,1.04
775.0,21.32,-400.67,1,BH8,-0.65,-1.03,-9.92,3.07
775.0,21.32,-410.69,1,BH8,1.7,-4.94,-9.16,-3.4
775.0,21.32,-420.7,1,BH8,-5.97,-2.17,-11.53,-0.14
775.0,21.32,-430.72,1,BH8,2.86,-1.81,-8.2,-0.16
775.0,21.32,-440.74,1,BH8,0.46,0.96,-10.96,-8.82
775.0,21.32,-450.75,1,BH8,-2.82,0.02,-13.26,-1.05
775.0,21.32,-460.77,1,BH8,-4.09,1.48,-11.46,-2.75
775.0,21.32,-470.79,1,BH8,-5.49,-2.36,-7.1,0.32
775.0,21.32,-480.8,1,BH8,-1.24,-3.63,-12.38,-8.71
775.0,21.32,-490.82,1,BH8,-4.72,-4.53,-12.38,-3.0
775.0,21.32,-500.84,1,BH8,1.02,-0.6,-2.44,-0.71
775.0,21.32,-510.85,1,BH8,-0.2,-2.86,-5.22,-1.02
775.0,21.32,-520.87,1,BH8,-4.08,2.26,-10.92,-0.05
775.0,21.32,-530.89,1,BH8,-0.84,-3.07,-10.77,-1.95
775.0,21.32,-540.9,1,BH8,-2.6,-5.31,-15.62,0.0
775.0,21.32,-550.92,1,BH8,1.09,-4.13,-8.21,5.17
775.0,21.32,-560.94,1,BH8,-4.29,-0.64,-7.67,-4.23
775.0,21.32,-570.95,1,BH8,-0.06,5.78,-7.23,-2.16
775.0,21.32,-580.97,1,BH8,-1.95,3.85,-13.91,-1.06
775.0,21.32,-590.99,1,BH8,-2.51,-1.66,-7.73,0.34
775.0,21.32,-601.01,1,BH8,1.83,-2.02,-12.29,5.69
775.0,21.32,-611.02,1,BH8,4.62,-1.67,-7.5,-2.8
775.0,21.32,-621.04,1,BH8,-1.67,-1.89,-7.64,-2.57
775.0,21.32,-631.06,1,BH8,-5.42,-1.09,-14.91,-3.79
775.0,21.32,-641.07,1,BH8,0.2,0.33,-7.32,0.23
775.0,21.32,-651.09,1,BH8,-0.82,5.25,-13.39,0.89
775.0,21.32,-661.11,1,BH8,-4.25,-5.51,-5.39,3.49
775.0,21.32,-671.12,1,BH8,0.75,0.9,-9.68,-3.23
775.0,21.32,-681.14,1,BH8,-1.85,-1.2,-9.05,1.43
775.0,21.32,-691.16,2,BH8,11.44,9.19,3.33,-7.12
775.0,21.32,-701.17,2,BH8,11.2,6.66,3.33,-8.39
775.0,21.32,-711.19,2,BH8,8.03,7.33,5.49,-4.2
775.0,21.32,-721.21,2,BH8,4.86,4.35,3.18,-10.15
775.0,21.32,-731.22,2,BH8,8.07,6.23,7.92,-9.55
775.0,21.32,-741.24,2,BH8,5.56,8.61,2.27,-10.27
775.0,21.32,-751.26,2,BH8,12.32,8.74,3.83,-8.24
775.0,21.32,-761.27,2,BH8,4.54,6.9,10.46,-12.98
775.0,21.32,-771.29,2,BH8,9.22,2.24,0.42,-5.92
775.0,21.32,-781.31,2,BH8,8.96,8.29,5.2,-8.95
775.0,21.32,-791.32,2,BH8,7.93,6.6,2.86,-8.69
775.0,21.32,-801.34,2,BH8,15.97,7.89,8.41,-16.81
775.0,21.32,-811.36,2,BH8,9.53,7.59,4.63,-9.85
775.0,21.32,-821.37,2,BH8,12.95,6.22,-0.08,-9.62
775.0,21.32,-831.39,2,BH8,8.51,6.2,1.45,-3.24
775.0,21.32,-841.41,2,BH8,9.41,7.32,6.62,-5.52
775.0,21.32,-851.42,2,BH8,4.41,10.85,2.68,-7.36
775.0,21.32,-861.44,2,BH8,10.75,5.35,3.6,-9.1
775.0,21.32,-871.46,2,BH8,11.89,-2.63,5.4,-9.07
775.0,21.32,-881.47,2,BH8,14.1,10.12,5.36,-11.62
775.0,21.32,-891.49,3,BH8,12.31,8.99,-4.26,3.9
775.0,21.32,-901.51,3,BH8,10.21,3.98,-4.47,7.43
775.0,21.32,-911.52,3,BH8,10.22,9.04,-3.67,9.62
775.0,21.32,-921.54,3,BH8,8.83,7.03,-8.22,-0.58
775.0,21.32,-931.56,3,BH8,4.8,5.68,-5.59,-2.17
775.0,21.32,-941.57,3,BH8,5.44,1.69,-10.24,1.37
775.0,21.32,-951.59,3,BH8,6.07,8.73,-5.16,2.12
775.0,21.32,-961.61,3,BH8,6.62,2.54,-6.35,3.93
775.0,21.32,-971.62,3,BH8,9.62,6.19,-11.83,4.0
775.0,21.32,-981.64,3,BH8,7.33,10.67,-7.54,2.11
775.0,21.32,-991.66,3,BH8,3.96,6.9,-7.47,2.75
775.0,21.32,-1001.67,3,BH8,3.3,8.47,-2.58,7.36
775.0,21.32,-1011.69,3,BH8,7.42,9.62,-7.75,3.35
775.0,21.32,-1021.71,3,BH8,10.01,5.32,-3.41,2.71
775.0,21.32,-1031.73,3,BH8,5.81,9.26,-4.49,3.98
775.0,21.32,-1041.74,3,BH8,8.84,6.22,-2.8,7.09
775.0,21.32,-1051.76,3,BH8,7.73,7.63,-6.13,1.54
775.0,21.32,-1061.78,3,BH8,4.26,5.97,-9.18,0.48
775.0,21.32,-1071.79,3,BH8,8.45,4.08,-6.14,0.22
775.0,21.32,-1081.81,3,BH8,6.55,10.48,-8.22,3.22
775.0,21.32,-1091.83,4,BH8,-12.04,-4.73,-5.9,-7.52
775.0,21.32,-1101.84,4,BH8,-7.43,-15.34,-7.78,-9.53
775.0,21.32,-1111.86,4,BH8,-9.99,-8.12,-8.16,-10.09
775.0,21.32,-1121.88,4,BH8,-9.65,-8.14,-1.72,-9.32
775.0,21.32,-1131.89,4,BH8,-12.2,-7.97,-2.19,-11.16
775.0,21.32,-1141.91,4,BH8,-11.94,-9.06,-0.05,-2.41
775.0,21.32,-1151.93,4,BH8,-3.46,-6.73,-1.06,-8.77
775.0,21.32,-1161.94,4,BH8,-12.37,-9.7,-9.02,-5.73
775.0,21.32,-1171.96,4,BH8,-5.34,-7.24,-8.29,-1.51
775.0,21.32,-1181.98,4,BH8,-10.48,-14.17,-11.17,-9.9
775.0,21.32,-1191.99,4,BH8,-6.27,-9.74,-9.74,-6.44
775.0,21.32,-1202.01,4,BH8,-5.73,-8.04,-6.52,-9.54
775.0,21.32,-1212.03,4,BH8,-11.35,-15.54,-7.94,-4.53
775.0,21.32,-1222.04,4,BH8,-9.84,-10.2,-5.85,-6.55
775.0,21.32,-1232.06,4,BH8,-7.12,-10.0,-2.2,-3.87
775.0,21.32,-1242.08,4,BH8,-9.69,-6.35,-0.14,-6.34
775.0,21.32,-1252.09,4,BH8,-8.91,-12.19,-2.76,-7.43
775.0,21.32,-1262.11,4,BH8,-13.2,-7.43,-7.49,-2.74
775.0,21.32,-1272.13,4,BH8,-7.69,-4.89,-3.64,-5.99
775.0,21.32,-1282.14,4,BH8,-13.78,-5.84,-4.51,-5.44
775.0,21.32,-1292.16,0,BH8,-5.75,-10.11,0.9,7.61
775.0,21.32,-1302.18,0,BH8,-5.2,-12.3,1.45,0.88
775.0,21.32,-1312.19,0,BH8,-7.4,-13.2,-0.05,6.4
775.0,21.32,-1322.21,0,BH8,-2.45,-6.08,-0.55,3.92
775.0,21.32,-1332.23,0,BH8,-4.19,-11.06,-2.31,6.71
775.0,21.32,-1342.24,0,BH8,-8.32,-9.34,6.35,3.67
775.0,21.32,-1352.26,0,BH8,-9.41,-7.75,-2.78,0.94
775.0,21.32,-1362.28,0,BH8,-4.11,-10.51,-8.26,0.94
775.0,21.32,-1372.29,0,BH8,-10.16,-9.7,-3.39,6.8
775.0,21.32,-1382.31,0,BH8,-12.57,-10.87,0.52,14.44
775.0,21.32,-1392.33,0,BH8,-10.0,-8.89,-2.93,7.88
775.0,21.32,-1402.34,0,BH8,-7.65,-10.46,1.82,7.87
775.0,21.32,-1412.36,0,BH8,-12.21,-11.88,-1.29,8.28
775.0,21.32,-1422.38,0,BH8,-6.42,-8.03,-0.25,7.44
775.0,21.32,-1432.4,0,BH8,-2.42,-13.57,-1.77,9.51
775.0,21.32,-1442.41,0,BH8,-6.76,-8.51,-3.38,2.97
775.0,21.32,-1452.43,0,BH8,-8.57,-7.17,-2.49,4.96
775.0,21.32,-1462.45,0,BH8,-6.94,-12.25,-4.27,-0.77
775.0,21.32,-1472.46,0,BH8,-6.32,-8.06,-3.48,4.17
775.0,21.32,-1482.48,0,BH8,-2.72,-11.0,-1.55,2.54
775.0,21.32,-1492.5,0,BH8,-11.8,-9.5,-5.89,0.47
775.0,21.32,-1502.51,0,BH8,-2.94,-10.94,0.1,0.42
775.0,21.32,-1512.53,0,BH8,-6.36,-9.77,-1.81,4.54
775.0,21.32,-1522.55,0,BH8,-6.49,-9.69,1.87,-0.73
775.0,21.32,-1532.56,0,BH8,-4.5,-9.39,1.46,2.57
775.0,21.32,-1542.58,0,BH8,-11.89,-10.72,-4.08,-1.04
775.0,21.32,-1552.6,0,BH8,-1.84,-14.6,-3.95,3.15
775.0,21.32,-1562.61,0,BH8,-2.28,-12.48,0.41,5.13
775.0,21.32,-1572.63,0,BH8,-4.4,-9.6,-0.46,3.14
775.0,21.32,-1582.65,0,BH8,-7.3,-12.55,-1.07,3.89
775.0,21.32,-1592.66,0,BH8,-9.38,-10.86,-0.99,-0.85
775.0,21.32,-1602.68,0,BH8,-4.34,-5.83,4.6,3.18
775.0,21.32,-1612.7,0,BH8,-9.34,-9.93,2.85,2.42
775.0,21.32,-1622.71,0,BH8,-6.68,-7.98,0.53,4.59
775.0,21.32,-1632.73,0,BH8,-7.2,-5.65,-4.79,5.82
775.0,21.32,-1642.75,0,BH8,-7.21,-3.87,-2.03,5.56
775.0,21.32,-1652.76,0,BH8,-6.68,-10.32,-3.62,0.54
775.0,21.32,-1662.78,0,BH8,-7.57,-5.01,-1.23,5.58
775.0,21.32,-1672.8,0,BH8,-9.83,-11.16,-1.12,0.53
775.0,21.32,-1682.81,0,BH8,-11.82,-10.64,0.01,3.08
775.0,21.32,-1692.83,0,BH8,-8.52,-8.3,-4.57,3.3
775.0,21.32,-1702.85,0,BH8,-12.48,-9.53,-0.25,4.12
775.0,21.32,-1712.86,0,BH8,-6.8,-8.79,1.8,5.65
775.0,21.32,-1722.88,0,BH8,-9.02,-6.91,-1.29,6.86
775.0,21.32,-1732.9,0,BH8,-3.7,-11.67,-1.5,11.91
775.0,21.32,-1742.91,0,BH8,-9.93,-14.39,-0.05,6.32
775.0,21.32,-1752.93,0,BH8,-8.53,-11.67,-0.15,3.97
775.0,21.32,-1762.95,0,BH8,-9.77,-2.95,2.89,0.07
775.0,21.32,-1772.96,0,BH8,-10.58,-8.47,-1.74,3.12
775.0,21.32,-1782.98,0,BH8,-6.95,-5.27,4.1,2.15
775.0,21.32,-1793.0,0,BH8,-6.15,-9.13,-4.58,5.06
775.0,21.32,-1803.02,0,BH8,-5.05,-6.89,1.19,6.34
775.0,21.32,-1813.03,0,BH8,-1.08,-4.17,0.97,3.47
775.0,21.32,-1823.05,0,BH8,-7.91,-8.29,-0.28,3.3
775.0,21.32,-1833.07,0,BH8,-8.91,-3.24,0.98,10.44
775.0,21.32,-1843.08,0,BH8,-5.48,-9.43,-1.42,7.08
775.0,21.32,-1853.1,0,BH8,-5.75,-10.96,2.05,6.4
775.0,21.32,-1863.12,0,BH8,-4.89,-8.34,-8.31,5.06
775.0,21.32,-1873.13,0,BH8,-10.93,-8.15,-0.41,8.08
775.0,21.32,-1883.15,0,BH8,-5.99,-8.54,-5.24,0.44
775.0,21.32,-1893.17,0,BH8,-3.82,-13.4,2.61,5.8
775.0,21.32,-1903.18,0,BH8,-3.42,-3.67,-0.21,10.02
775.0,21.32,-1913.2,0,BH8,-3.1,-5.44,2.11,8.66
775.0,21.32,-1923.22,0,BH8,-9.82,-13.12,2.35,8.3
775.0,21.32,-1933.23,0,BH8,-9.23,-12.02,-3.14,5.54
775.0,21.32,-1943.25,0,BH8,-2.52,-12.5,-0.52,5.31
775.0,21.32,-1953.27,0,BH8,-5.76,-11.21,-4.99,4.61
775.0,21.32,-1963.28,0,BH8,-2.95,-8.06,-5.09,1.72
775.0,21.32,-1973.3,0,BH8,-10.47,-6.72,-2.29,3.68
775.0,21.32,-1983.32,0,BH8,-6.91,-8.42,-6.4,5.04
775.0,21.32,-1993.33,0,BH8,-6.19,-8.99,1.64,2.4
1835.0,136.72,-0.0,1,BH9,-3.14,-6.42,-7.03,-3.76
1835.0,136.72,-10.02,1,BH9,2.44,-0.97,-11.25,3.77
1835.0,136.72,-20.03,1,BH9,-2.45,-4.34,-7.74,-0.81
1835.0,136.72,-30.05,1,BH9,-4.91,1.11,-14.85,6.88
1835.0,136.72,-40.07,1,BH9,1.27,-4.83,-17.55,-0.52
1835.0,136.72,-50.08,1,BH9,-1.15,-0.19,-10.0,-1.51
1835.0,136.72,-60.1,1,BH9,-1.34,1.83,0.3,-2.11
1835.0,136.72,-70.12,1,BH9,-6.79,-3.63,-5.22,0.27
1835.0,136.72,-80.13,1,BH9,-4.52,1.98,-6.43,-0.23
1835.0,136.72,-90.15,1,BH9,-3.3,-3.39,-7.67,2.17
1835.0,136.72,-100.17,1,BH9,2.46,0.96,-12.72,-1.62
1835.0,136.72,-110.18,1,BH9,-1.16,-0.61,-8.96,1.32
1835.0,136.72,-120.2,1,BH9,-3.79,-1.01,-13.64,2.88
1835.0,136.72,-130.22,1,BH9,-5.26,4.22,-7.9,-3.58
1835.0,136.72,-140.23,1,BH9,0.83,-4.76,-13.27,-1.96
1835.0,136.72,-150.25,1,BH9,-5.42,-4.27,-11.49,0.59
1835.0,136.72,-160.27,1,BH9,-3.07,1.19,-14.67,-2.61
1835.0,136.72,-170.28,1,BH9,-0.78,-1.35,-8.07,-0.59
1835.0,136.72,-180.3,1,BH9,-5.56,0.22,-6.57,7.61
1835.0,136.72,-190.32,1,BH9,-2.68,3.11,-10.11,1.15
1835.0,136.72,-200.33,1,BH9,1.81,-3.46,-8.53,0.44
1835.0,136.72,-210.35,1,BH9,-5.05,-6.92,-13.4,0.0
1835.0,136.72,-220.37,1,BH9,-3.23,2.56,-9.7,-1.32
1835.0,136.72,-230.39,1,BH9,6.3,1.64,-11.85,2.94
1835.0,136.72,-240.4,1,BH9,-0.99,-1.67,-7.71,3.05
1835.0,136.72,-250.42,1,BH9,-7.94,-6.43,-9.59,-1.06
1835.0,136.72,-260.44,1,BH9,-3.2,-4.67,-12.8,1.31
1835.0,136.72,-270.45,1,BH9,-1.61,4.14,-9.55,-0.27
1835.0,136.72,-280.47,1,BH9,-6.52,-1.73,-9.12,-2.17
1835.0,136.72,-290.49,1,BH9,-3.31,-1.07,-15.05,-1.07
1835.0,136.72,-300.5,1,BH9,-2.26,-0.01,-10.28,-2.57
1835.0,136.72,-310.52,1,BH9,0.17,1.06,-13.71,-1.66
1835.0,136.72,-320.54,1,BH9,-2.73,-1.29,-9.15,-5.04
1835.0,136.72,-330.55,1,BH9,-7.0,1.15,-8.52,3.58
1835.0,136.72,-340.57,1,BH9,-0.33,0.95,-9.42,0.85
1835.0,136.72,-350.59,1,BH9,0.71,-3.0,-8.42,-0.8
1835.0,136.72,-360.6,1,BH9,-1.12,1.11,-6.81,-1.87
1835.0,136.72,-370.62,1,BH9,-5.38,-4.84,-12.32,-4.86
1835.0,136.72,-380.64,1,BH9,-1.7,0.35,-11.05,-2.95
1835.0,136.72,-390.65,1,BH9,1.84,-2.66,-6.11,3.34
1835.0,136.72,-400.67,1,BH9,-3.51,4.74,-8.31,3.23
1835.0,136.72,-410.69,1,BH9,-3.89,-2.95,-8.48,-1.98
1835.0,136.72,-420.7,1,BH9,0.94,-2.93,-7.22,-1.89
1835.0,136.72,-430.72,1,BH9,-5.06,-2.68,-9.37,-3.96
1835.0,136.72,-440.74,1,BH9,-1.31,1.22,-8.4,2.14
1835.0,136.72,-450.75,1,BH9,-0.43,2.71,-7.62,-0.52
1835.0,136.72,-460.77,1,BH9,-3.08,3.64,-14.13,1.6
1835.0,136.72,-470.79,1,BH9,-2.93,-3.25,-11.75,-0.38
1835.0,136.72,-480.8,1,BH9,4.53,-3.01,-5.59,-1.29
1835.0,136.72,-490.82,1,BH9,0.54,-2.56,-13.47,8.05
1835.0,136.72,-500.84,1,BH9,-3.53,-3.6,-6.54,-3.46
1835.0,136.72,-510.85,1,BH9,-3.36,-1.11,-11.81,-4.11
1835.0,136.72,-520.87,1,BH9,-3.09,-4.23,-7.79,-5.02
1835.0,136.72,-530.89,1,BH9,-1.62,1.75,-13.74,1.67
1835.0,136.72,-540.9,2,BH9,11.39,8.62,5.98,-7.88
1835.0,136.72,-550.92,2,BH9,12.38,3.59,7.23,-4.86
1835.0,136.72,-560.94,2,BH9,5.93,6.81,10.7,-6.74
1835.0,136.72,-570.95,2,BH9,9.72,7.23,2.72,-10.66
1835.0,136.72,-580.97,2,BH9,8.4,1.74,9.27,-11.07
1835.0,136.72,-590.99,2,BH9,11.39,5.14,0.95,-7.02
1835.0,136.72,-601.01,2,BH9,6.29,6.93,6.5,-1.95
1835.0,136.72,-611.02,2,BH9,11.63,0.48,9.45,-11.16
1835.0,136.72,-621.04,2,BH9,8.78,6.37,8.04,-10.04
1835.0,136.72,-631.06,2,BH9,8.64,11.1,0.43,-4.49
1835.0,136.72,-641.07,2,BH9,12.87,-3.18,5.83,-8.63
1835.0,136.72,-651.09,2,BH9,10.33,4.06,6.81,-7.72
1835.0,136.72,-661.11,2,BH9,8.55,5.96,11.2,-11.26
1835.0,136.72,-671.12,2,BH9,5.66,6.1,1.68,-7.36
1835.0,136.72,-681.14,2,BH9,9.35,12.66,-1.4,-7.04
1835.0,136.72,-691.16,2,BH9,12.67,9.16,6.44,-10.95
1835.0,136.72,-701.17,2,BH9,5.11,2.86,7.0,-10.87
1835.0,136.72,-711.19,2,BH9,10.45,3.54,2.54,-7.18
1835.0,136.72,-721.21,2,BH9,11.21,6.0,3.54,-9.34
1835.0,136.72,-731.22,3,BH9,4.55,4.85,-5.79,0.88
1835.0,136.72,-741.24,3,BH9,5.08,4.33,-5.09,7.72
1835.0,136.72,-751.26,3,BH9,6.44,12.23,-8.39,2.2
1835.0,136.72,-761.27,3,BH9,7.12,10.88,-9.12,2.12
1835.0,136.72,-771.29,3,BH9,9.36,3.95,-5.7,5.28
1835.0,136.72,-781.31,3,BH9,9.31,5.92,-5.92,5.67
1835.0,136.72,-791.32,3,BH9,10.79,14.33,-9.71,4.57
1835.0,136.72,-801.34,3,BH9,13.4,4.71,-6.83,2.32
1835.0,136.72,-811.36,3,BH9,8.45,9.37,-6.89,4.52
1835.0,136.72,-821.37,3,BH9,10.98,11.37,-10.5,0.06
1835.0,136.72,-831.39,3,BH9,7.81,8.24,-7.86,2.83
1835.0,136.72,-841.41,3,BH9,8.85,0.06,-8.79,5.63
1835.0,136.72,-851.42,3,BH9,4.88,10.42,-5.39,0.03
1835.0,136.72,-861.44,3,BH9,11.92,5.49,-6.89,3.03
1835.0,136.72,-871.46,3,BH9,5.98,8.66,-7.63,0.16
1835.0,136.72,-881.47,3,BH9,3.48,3.82,-5.27,3.09
1835.0,136.72,-891.49,3,BH9,8.46,8.5,-4.39,3.91
1835.0,136.72,-901.51,3,BH9,5.01,7.8,-15.44,-2.54
1835.0,136.72,-911.52,3,BH9,10.15,7.36,-3.63,1.7
1835.0,136.72,-921.54,4,BH9,-10.14,-6.53,-6.61,-10.52
1835.0,136.72,-931.56,4,BH9,-11.93,-6.72,-1.61,-3.5
1835.0,136.72,-941.57,4,BH9,-10.05,-9.55,-4.75,-6.1
1835.0,136.72,-951.59,4,BH9,-8.56,-4.19,-4.56,-7.96
1835.0,136.72,-961.61,4,BH9,-9.83,-13.76,-2.5,-6.85
1835.0,136.72,-971.62,4,BH9,-14.77,-4.55,-1.39,-10.97
1835.0,136.72,-981.64,4,BH9,-13.3,-2.82,-2.53,-5.97
1835.0,136.72,-991.66,4,BH9,-14.34,-5.73,-3.88,-9.73
1835.0,136.72,-1001.67,4,BH9,-12.02,-9.54,-6.66,-6.15
1835.0,136.72,-1011.69,4,BH9,-10.74,-8.26,-0.47,-10.82
1835.0,136.72,-1021.71,4,BH9,-6.35,-3.93,-6.98,-4.08
1835.0,136.72,-1031.73,4,BH9,-6.37,-3.62,0.34,-8.15
1835.0,136.72,-1041.74,4,BH9,-12.45,-6.07,-4.06,-6.1
1835.0,136.72,-1051.76,4,BH9,-11.05,-7.88,2.58,-2.37
1835.0,136.72,-1061.78,4,BH9,-10.42,-3.94,-1.58,-6.72
1835.0,136.72,-1071.79,4,BH9,-9.59,-6.62,-4.67,-9.91
1835.0,136.72,-1081.81,4,BH9,-7.93,-6.64,-3.43,-6.62
1835.0,136.72,-1091.83,4,BH9,-6.63,-5.63,-4.31,-5.73
1835.0,136.72,-1101.84,4,BH9,-7.81,-4.91,-5.74,-3.33
1835.0,136.72,-1111.86,0,BH9,-11.13,-5.68,-3.11,4.28
1835.0,136.72,-1121.88,0,BH9,-8.63,-9.04,-0.92,10.21
1835.0,136.72,-1131.89,0,BH9,-3.64,-5.89,0.29,5.18
1835.0,136.72,-1141.91,0,BH9,-3.51,-11.2,2.69,11.23
1835.0,136.72,-1151.93,0,BH9,-2.91,-13.75,-3.51,0.61
1835.0,136.72,-1161.94,0,BH9,-4.77,-14.39,1.56,3.62
1835.0,136.72,-1171.96,0,BH9,-3.2,-13.25,-1.71,3.58
1835.0,136.72,-1181.98,0,BH9,-3.59,-11.17,3.48,9.36
1835.0,136.72,-1191.99,0,BH9,-6.44,-13.54,-4.93,3.6
1835.0,136.72,-1202.01,0,BH9,-9.64,-10.91,0.81,5.86
1835.0,136.72,-1212.03,0,BH9,-6.53,-11.32,0.61,1.21
1835.0,136.72,-1222.04,0,BH9,-1.73,-13.6,-6.11,6.74
1835.0,136.72,-1232.06,0,BH9,-14.34,-4.83,-4.2,1.61
1835.0,136.72,-1242.08,0,BH9,-4.75,-11.17,-3.14,1.76
1835.0,136.72,-1252.09,0,BH9,-8.06,-5.16,-3.32,0.91
1835.0,136.72,-1262.11,0,BH9,-8.48,-9.19,-5.35,2.94
1835.0,136.72,-1272.13,0,BH9,-2.28,-10.09,-0.39,4.99
1835.0,136.72,-1282.14,0,BH9,-7.25,-13.92,-2.64,3.35
1835.0,136.72,-1292.16,0,BH9,-2.63,-12.73,-5.09,3.06
1835.0,136.72,-1302.18,0,BH9,-5.59,-9.68,3.74,3.65
1835.0,136.72,-1312.19,0,BH9,-7.23,-4.5,-1.74,6.3
1835.0,136.72,-1322.21,0,BH9,-3.07,-10.27,-1.43,-0.87
1835.0,136.72,-1332.23,0,BH9,-8.96,-11.08,-3.77,9.4
1835.0,136.72,-1342.24,0,BH9,-5.38,-7.6,0.91,9.01
1835.0,136.72,-1352.26,0,BH9,-1.4,-10.07,-4.03,4.82
1835.0,136.72,-1362.28,0,BH9,-13.09,-9.41,2.12,7.28
1835.0,136.72,-1372.29,0,BH9,-10.0,-7.81,-4.73,5.82
1835.0,136.72,-1382.31,0,BH9,-6.95,-13.72,2.73,4.66
1835.0,136.72,-1392.33,0,BH9,-6.08,-7.98,-2.18,4.92
1835.0,136.72,-1402.34,0,BH9,-5.22,-9.87,5.58,4.65
1835.0,136.72,-1412.36,0,BH9,-13.0,-5.34,5.1,3.78
1835.0,136.72,-1422.38,0,BH9,-8.98,-10.67,2.58,1.04
1835.0,136.72,-1432.4,0,BH9,-6.9,-11.26,-5.62,4.49
1835.0,136.72,-1442.41,0,BH9,-7.27,-6.76,0.68,11.32
1835.0,136.72,-1452.43,0,BH9,-0.04,-10.89,-4.74,3.37
1835.0,136.72,-1462.45,0,BH9,-3.83,-7.45,-1.51,2.68
1835.0,136.72,-1472.46,0,BH9,-8.17,-6.36,-2.94,2.33
1835.0,136.72,-1482.48,0,BH9,-9.49,-11.21,-3.95,3.43
1835.0,136.72,-1492.5,0,BH9,-2.39,-12.24,0.3,4.82
1835.0,136.72,-1502.51,0,BH9,-8.49,-10.15,-0.63,3.23
1835.0,136.72,-1512.53,0,BH9,-5.98,-5.01,-3.32,5.62
1835.0,136.72,-1522.55,0,BH9,-7.16,-9.86,-0.31,2.85
1835.0,136.72,-1532.56,0,BH9,-3.05,-10.13,3.24,2.16
1835.0,136.72,-1542.58,0,BH9,-3.72,-14.08,-1.21,-1.65
1835.0,136.72,-1552.6,0,BH9,-4.89,-13.34,-1.14,-1.13
1835.0,136.72,-1562.61,0,BH9,-5.22,-10.49,2.55,1.8
1835.0,136.72,-1572.63,0,BH9,-6.42,-8.93,-0.57,7.55
1835.0,136.72,-1582.65,0,BH9,-6.57,-19.99,3.35,3.77
1835.0,136.72,-1592.66,0,BH9,-4.48,-3.63,1.13,1.35
1835.0,136.72,-1602.68,0,BH9,-9.58,-11.66,-2.16,6.99
1835.0,136.72,-1612.7,0,BH9,-5.51,-12.75,1.23,4.68
1835.0,136.72,-1622.71,0,BH9,1.2,-9.83,-1.35,5.89
1835.0,136.72,-1632.73,0,BH9,-7.38,-14.05,-2.49,4.27
1835.0,136.72,-1642.75,0,BH9,-8.28,-12.92,-1.83,8.7
1835.0,136.72,-1652.76,0,BH9,-11.1,-11.51,-5.11,1.02
1835.0,136.72,-1662.78,0,BH9,-7.87,-9.4,0.08,2.56
1835.0,136.72,-1672.8,0,BH9,-3.54,-12.61,1.28,9.96
1835.0,136.72,-1682.81,0,BH9,-7.14,-9.3,1.72,11.24
1835.0,136.72,-1692.83,0,BH9,-7.68,-12.71,0.72,4.42
1835.0,136.72,-1702.85,0,BH9,-6.2,-2.75,-1.17,4.25
1835.0,136.72,-1712.86,0,BH9,-5.94,-7.47,2.59,3.54
1835.0,136.72,-1722.88,0,BH9,-5.63,-10.73,-4.8,4.33
1835.0,136.72,-1732.9,0,BH9,-4.06,-7.11,-1.45,5.17
1835.0,136.72,-1742.91,0,BH9,-4.86,-7.21,6.56,5.97
1835.0,136.72,-1752.93,0,BH9,-7.09,-10.91,0.67,5.14
1835.0,136.72,-1762.95,0,BH9,-6.61,-11.71,0.91,7.29
1835.0,136.72,-1772.96,0,BH9,-6.06,-8.34,-1.26,4.78
1835.0,136.72,-1782.98,0,BH9,-10.27,-10.36,-4.39,1.04
1835.0,136.72,-1793.0,0,BH9,-9.21,-11.13,-2.08,-0.53
1835.0,136.72,-1803.02,0,BH9,-5.74,-6.45,0.23,4.92
1835.0,136.72,-1813.03,0,BH9,-10.27,-8.41,3.52,7.34
1835.0,136.72,-1823.05,0,BH9,-13.69,-8.01,0.28,6.68
1835.0,136.72,-1833.07,0,BH9,-4.26,-10.07,1.2,5.17
1835.0,136.72,-1843.08,0,BH9,-7.6,-7.18,-2.21,3.81
1835.0,136.72,-1853.1,0,BH9,-4.84,-9.91,3.23,2.22
1835.0,136.72,-1863.12,0,BH9,0.97,-8.86,-0.05,7.62
1835.0,136.72,-1873.13,0,BH9,-6.91,-5.8,-3.08,1.49
1835.0,136.72,-1883.15,0,BH9,-5.39,-8.5,-5.1,5.08
1835.0,136.72,-1893.17,0,BH9,-6.98,-10.73,-1.56,9.1
1835.0,136.72,-1903.18,0,BH9,-4.88,-10.12,1.87,4.99
1835.0,136.72,-1913.2,0,BH9,-1.85,-12.93,1.11,6.4
1835.0,136.72,-1923.22,0,BH9,-7.37,-12.87,1.77,4.84
1835.0,136.72,-1933.23,0,BH9,-5.53,-6.84,2.37,-0.96
1835.0,136.72,-1943.25,0,BH9,-3.35,-7.13,-5.16,10.76
1835.0,136.72,-1953.27,0,BH9,-10.37,-6.77,-4.68,3.7
1835.0,136.72,-1963.28,0,BH9,-3.57,-8.21,1.11,5.55
1835.0,136.72,-1973.3,0,BH9,-6.36,-7.52,-1.14,8.84
1835.0,136.72,-1983.32,0,BH9,-7.29,-10.85,1.41,1.26
1835.0,136.72,-1993.33,0,BH9,-11.43,-9.17,3.71,8.19
1795.0,0.33,-0.0,1,BH10,-2.66,2.12,-11.5,2.12
1795.0,0.33,-10.02,1,BH10,0.8,-4.06,-9.13,-1.47
1795.0,0.33,-20.03,1,BH10,-1.07,6.72,-15.87,-1.35
1795.0,0.33,-30.05,1,BH10,-2.27,0.82,-11.34,-1.43
1795.0,0.33,-40.07,1,BH10,-2.7,1.99,-9.4,-0.65
1795.0,0.33,-50.08,1,BH10,-3.92,-0.22,-12.49,1.4
1795.0,0.33,-60.1,1,BH10,-6.31,-2.67,-18.08,0.32
1795.0,0.33,-70.12,1,BH10,-1.64,4.14,-9.16,3.09
1795.0,0.33,-80.13,1,BH10,-1.72,-2.24,-9.48,1.66
1795.0,0.33,-90.15,1,BH10,3.21,0.58,-12.9,-3.98
1795.0,0.33,-100.17,1,BH10,-3.6,-1.73,-5.91,0.04
1795.0,0.33,-110.18,1,BH10,-4.64,3.2,-11.1,2.63
1795.0,0.33,-120.2,1,BH10,1.27,0.61,-10.91,-0.63
1795.0,0.33,-130.22,1,BH10,-1.86,-4.59,-2.61,-4.36
1795.0,0.33,-140.23,1,BH10,-7.7,-2.27,-8.57,-0.07
1795.0,0.33,-150.25,1,BH10,-1.84,-0.68,-9.34,2.96
1795.0,0.33,-160.27,1,BH10,2.72,1.56,-10.2,1.58
1795.0,0.33,-170.28,1,BH10,-2.87,1.59,-7.83,-0.77
1795.0,0.33,-180.3,1,BH10,0.45,-3.77,-8.52,-0.52
1795.0,0.33,-190.32,1,BH10,-1.18,-1.48,-5.35,0.6
1795.0,0.33,-200.33,1,BH10,-1.84,-3.75,-6.08,1.53
1795.0,0.33,-210.35,1,BH10,2.96,5.71,-7.32,-1.74
1795.0,0.33,-220.37,1,BH10,5.78,-0.81,-5.87,0.54
1795.0,0.33,-230.39,1,BH10,3.42,2.13,-7.27,2.64
1795.0,0.33,-240.4,1,BH10,0.32,-0.03,-7.53,3.39
1795.0,0.33,-250.42,1,BH10,-0.7,6.22,-8.69,0.85
1795.0,0.33,-260.44,1,BH10,-0.94,-0.76,-6.67,1.83
1795.0,0.33,-270.45,1,BH10,-0.91,-0.15,-10.63,1.98
1795.0,0.33,-280.47,1,BH10,-2.02,-4.71,-10.08,-3.46
1795.0,0.33,-290.49,1,BH10,-1.99,-5.27,-8.71,1.58
1795.0,0.33,-300.5,1,BH10,-0.61,-6.61,-10.1,-3.41
1795.0,0.33,-310.52,1,BH10,-2.58,0.45,-10.54,0.21
1795.0,0.33,-320.54,1,BH10,-4.73,-3.16,-8.75,5.03
1795.0,0.33,-330.55,1,BH10,-0.85,-2.74,-9.08,-1.18
1795.0,0.33,-340.57,1,BH10,5.39,-1.71,-6.17,1.9
1795.0,0.33,-350.59,1,BH10,3.78,5.93,-16.51,0.29
1795.0,0.33,-360.6,1,BH10,-3.55,-1.02,-11.9,-0.71
1795.0,0.33,-370.62,1,BH10,-8.27,-1.47,-8.88,-3.02
1795.0,0.33,-380.64,1,BH10,-0.7,8.14,-15.47,0.12
1795.0,0.33,-390.65,1,BH10,0.73,-5.23,-5.06,1.71
1795.0,0.33,-400.67,1,BH10,-3.17,-0.4,-10.85,0.05
1795.0,0.33,-410.69,1,BH10,-2.01,-1.54,-8.73,-2.01
1795.0,0.33,-420.7,1,BH10,-4.26,-2.61,-9.97,-1.53
1795.0,0.33,-430.72,1,BH10,-6.57,-5.55,-8.69,3.09
1795.0,0.33,-440.74,1,BH10,-1.11,2.91,-13.03,4.17
1795.0,0.33,-450.75,1,BH10,-2.0,0.14,-7.63,4.78
1795.0,0.33,-460.77,1,BH10,1.17,0.14,-9.6,2.42
1795.0,0.33,-470.79,1,BH10,-1.82,0.32,-12.69,0.65
1795.0,0.33,-480.8,1,BH10,-1.13,-1.44,-6.85,-1.94
1795.0,0.33,-490.82,1,BH10,-3.61,2.55,-9.58,2.42
1795.0,0.33,-500.84,1,BH10,-4.93,3.21,-5.92,-3.14
1795.0,0.33,-510.85,1,BH10,-1.06,-1.82,-13.88,1.91
1795.0,0.33,-520.87,1,BH10,4.54,-1.77,-12.36,-0.29
1795.0,0.33,-530.89,2,BH10,10.13,5.89,-0.62,-15.65
1795.0,0.33,-540.9,2,BH10,10.23,9.23,8.8,-9.69
1795.0,0.33,-550.92,2,BH10,8.95,6.71,6.48,-6.61
1795.0,0.33,-560.94,2,BH10,9.12,10.57,-0.87,-10.66
1795.0,0.33,-570.95,2,BH10,10.56,9.58,4.16,-4.91
1795.0,0.33,-580.97,2,BH10,7.58,9.45,2.26,-16.18
1795.0,0.33,-590.99,2,BH10,6.1,8.16,-0.02,-8.83
1795.0,0.33,-601.01,2,BH10,11.75,6.5,2.35,-3.94
1795.0,0.33,-611.02,2,BH10,11.48,3.97,0.09,-7.38
1795.0,0.33,-621.04,2,BH10,7.85,6.12,7.91,-5.35
1795.0,0.33,-631.06,2,BH10,6.56,11.63,8.21,-9.1
1795.0,0.33,-641.07,2,BH10,4.81,8.69,1.18,-10.39
1795.0,0.33,-651.09,2,BH10,6.82,10.88,1.52,-16.3
1795.0,0.33,-661.11,2,BH10,7.86,6.17,1.91,-6.7
1795.0,0.33,-671.12,2,BH10,7.82,7.27,6.16,-8.83
1795.0,0.33,-681.14,2,BH10,15.97,4.88,6.22,-6.88
1795.0,0.33,-691.16,2,BH10,7.88,6.17,9.24,-8.78
1795.0,0.33,-701.17,2,BH10,4.08,10.25,9.19,-5.86
1795.0,0.33,-711.19,2,BH10,8.67,2.31,-1.1,-7.53
1795.0,0.33,-721.21,3,BH10,5.26,8.76,-11.99,1.0
1795.0,0.33,-731.22,3,BH10,7.35,9.66,-1.91,0.57
1795.0,0.33,-741.24,3,BH10,9.48,2.89,-4.93,2.56
1795.0,0.33,-751.26,3,BH10,10.94,2.87,-8.75,0.72
1795.0,0.33,-761.27,3,BH10,8.71,9.44,-6.15,-2.35
1795.0,0.33,-771.29,3,BH10,4.43,8.0,-4.01,-1.79
1795.0,0.33,-781.31,3,BH10,10.72,7.83,-7.4,-0.79
1795.0,0.33,-791.32,3,BH10,8.48,8.31,-6.23,1.87
1795.0,0.33,-801.34,3,BH10,11.19,8.88,-5.01,4.82
1795.0,0.33,-811.36,3,BH10,7.63,9.49,-2.1,-2.3
1795.0,0.33,-821.37,3,BH10,2.31,7.93,-7.44,5.26
1795.0,0.33,-831.39,3,BH10,10.9,6.38,-4.58,-1.85
1795.0,0.33,-841.41,3,BH10,5.74,5.73,-7.97,2.82
1795.0,0.33,-851.42,3,BH10,7.05,13.08,-4.81,4.64
1795.0,0.33,-861.44,3,BH10,11.61,6.32,-2.53,-1.84
1795.0,0.33,-871.46,3,BH10,6.56,5.26,-12.06,0.39
1795.0,0.33,-881.47,3,BH10,10.41,4.95,-5.54,2.67
1795.0,0.33,-891.49,3,BH10,8.29,8.04,-10.54,3.23
1795.0,0.33,-901.51,3,BH10,7.41,4.25,-4.04,5.03
1795.0,0.33,-911.52,4,BH10,-9.65,-4.65,-8.0,-9.63
1795.0,0.33,-921.54,4,BH10,-10.62,-7.01,-1.85,-8.58
1795.0,0.33,-931.56,4,BH10,-11.38,-12.95,1.18,-7.39
1795.0,0.33,-941.57,4,BH10,-7.29,-5.87,-6.19,-6.55
1795.0,0.33,-951.59,4,BH10,-10.75,-5.4,-0.62,-5.75
1795.0,0.33,-961.61,4,BH10,-6.93,-13.22,-4.93,-7.65
1795.0,0.33,-971.62,4,BH10,-8.18,-6.29,-10.53,-11.25
1795.0,0.33,-981.64,4,BH10,-5.55,-9.01,-4.38,-10.58
1795.0,0.33,-991.66,4,BH10,-11.45,-6.68,3.29,-7.6
1795.0,0.33,-1001.67,4,BH10,-12.24,-11.12,-2.38,-5.5
1795.0,0.33,-1011.69,4,BH10,-10.41,-12.45,-0.91,-9.82
1795.0,0.33,-1021.71,4,BH10,-9.89,-5.5,-8.25,-8.44
1795.0,0.33,-1031.73,4,BH10,-11.58,0.21,-6.76,-5.22
1795.0,0.33,-1041.74,4,BH10,-13.0,-3.91,-1.98,-10.77
1795.0,0.33,-1051.76,4,BH10,-4.68,-3.58,-4.0,-9.65
1795.0,0.33,-1061.78,4,BH10,-2.58,-7.76,0.84,-5.71
1795.0,0.33,-1071.79,4,BH10,-4.43,-9.02,-0.84,-4.84
1795.0,0.33,-1081.81,4,BH10,-8.43,-6.13,-6.81,-2.95
1795.0,0.33,-1091.83,4,BH10,-8.56,-7.86,-2.73,-7.86
1795.0,0.33,-1101.84,4,BH10,-8.11,-5.45,-5.13,-8.08
1795.0,0.33,-1111.86,0,BH10,-8.85,-5.82,2.58,2.22
1795.0,0.33,-1121.88,0,BH10,-7.0,-7.06,-4.19,5.37
1795.0,0.33,-1131.89,0,BH10,-5.28,-6.94,2.76,2.07
1795.0,0.33,-1141.91,0,BH10,-0.72,-8.46,-1.33,5.3
1795.0,0.33,-1151.93,0,BH10,-7.68,-5.0,-1.84,4.48
1795.0,0.33,-1161.94,0,BH10,2.29,-7.04,-4.0,1.3
1795.0,0.33,-1171.96,0,BH10,-6.62,-11.07,-6.32,-0.76
1795.0,0.33,-1181.98,0,BH10,-3.77,-15.2,1.0,6.96
1795.0,0.33,-1191.99,0,BH10,-7.12,-13.61,-2.78,9.4
1795.0,0.33,-1202.01,0,BH10,-3.2,-6.57,1.99,3.01
1795.0,0.33,-1212.03,0,BH10,-1.93,-15.26,-0.37,1.5
1795.0,0.33,-1222.04,0,BH10,-5.66,-13.42,4.0,5.49
1795.0,0.33,-1232.06,0,BH10,-5.52,-10.07,2.69,4.11
1795.0,0.33,-1242.08,0,BH10,0.13,-7.21,3.06,3.99
1795.0,0.33,-1252.09,0,BH10,-12.09,-12.56,-4.14,1.77
1795.0,0.33,-1262.11,0,BH10,-6.18,-6.85,-1.87,7.26
1795.0,0.33,-1272.13,0,BH10,-8.06,-4.25,0.5,4.82
1795.0,0.33,-1282.14,0,BH10,-9.06,-10.51,0.14,6.46
1795.0,0.33,-1292.16,0,BH10,-11.66,-11.47,0.31,4.12
1795.0,0.33,-1302.18,0,BH10,-7.62,-10.95,-5.99,3.36
1795.0,0.33,-1312.19,0,BH10,-8.4,-10.7,2.15,3.48
1795.0,0.33,-1322.21,0,BH10,-5.15,-8.15,3.53,-1.46
1795.0,0.33,-1332.23,0,BH10,-9.41,-8.55,-4.27,3.08
1795.0,0.33,-1342.24,0,BH10,-3.67,-9.21,-4.65,-1.11
1795.0,0.33,-1352.26,0,BH10,-9.54,-7.42,-2.34,3.97
1795.0,0.33,-1362.28,0,BH10,-6.79,-11.15,2.75,3.32
1795.0,0.33,-1372.29,0,BH10,-8.9,-10.82,3.93,6.32
1795.0,0.33,-1382.31,0,BH10,-2.24,-10.48,-0.28,4.02
1795.0,0.33,-1392.33,0,BH10,-6.2,-5.82,-0.43,10.21
1795.0,0.33,-1402.34,0,BH10,-11.85,-7.1,-2.71,0.73
1795.0,0.33,-1412.36,0,BH10,-10.7,-6.81,-1.78,3.69
1795.0,0.33,-1422.38,0,BH10,-8.69,-10.73,0.94,5.47
1795.0,0.33,-1432.4,0,BH10,-8.41,-10.13,-3.04,0.63
1795.0,0.33,-1442.41,0,BH10,-3.13,-8.01,0.45,4.87
1795.0,0.33,-1452.43,0,BH10,-7.88,-11.1,-4.03,4.59
1795.0,0.33,-1462.45,0,BH10,-8.81,-8.29,-3.3,3.25
1795.0,0.33,-1472.46,0,BH10,-13.41,-7.52,-3.37,0.22
1795.0,0.33,-1482.48,0,BH10,-5.51,-5.4,-5.38,8.39
1795.0,0.33,-1492.5,0,BH10,-4.45,-11.49,0.33,1.35
1795.0,0.33,-1502.51,0,BH10,-12.59,-6.16,-0.01,-0.9
1795.0,0.33,-1512.53,0,BH10,-5.08,-10.68,0.91,4.96
1795.0,0.33,-1522.55,0,BH10,-4.26,-8.48,-3.12,6.97
1795.0,0.33,-1532.56,0,BH10,-4.44,-7.79,-2.16,1.05
1795.0,0.33,-1542.58,0,BH10,-9.64,-11.79,-2.29,4.29
1795.0,0.33,-1552.6,0,BH10,-6.33,-13.9,-4.02,6.31
1795.0,0.33,-1562.61,0,BH10,-5.46,-6.8,-2.3,7.59
1795.0,0.33,-1572.63,0,BH10,-7.69,-8.14,5.75,2.92
1795.0,0.33,-1582.65,0,BH10,-10.44,-11.78,-5.09,6.17
1795.0,0.33,-1592.66,0,BH10,-1.92,-12.96,-2.85,4.36
1795.0,0.33,-1602.68,0,BH10,-10.42,-10.03,0.49,0.82
1795.0,0.33,-1612.7,0,BH10,-1.57,-7.6,-1.45,2.44
1795.0,0.33,-1622.71,0,BH10,-6.93,-11.33,-1.35,3.04
1795.0,0.33,-1632.73,0,BH10,-10.16,-8.67,0.46,3.82
1795.0,0.33,-1642.75,0,BH10,-7.65,-9.18,-0.31,0.7
1795.0,0.33,-1652.76,0,BH10,-7.05,-7.29,-2.93,6.04
1795.0,0.33,-1662.78,0,BH10,-6.56,-15.76,-1.26,0.68
1795.0,0.33,-1672.8,0,BH10,-6.62,-9.25,0.34,5.39
1795.0,0.33,-1682.81,0,BH10,-11.3,-11.66,-2.05,5.69
1795.0,0.33,-1692.83,0,BH10,-4.83,-15.8,-2.23,4.41
1795.0,0.33,-1702.85,0,BH10,-8.15,-13.37,-3.95,3.9
1795.0,0.33,-1712.86,0,BH10,-8.3,-6.44,1.27,4.84
1795.0,0.33,-1722.88,0,BH10,-3.83,-4.99,-3.47,5.21
1795.0,0.33,-1732.9,0,BH10,-4.74,-7.83,4.5,4.3
1795.0,0.33,-1742.91,0,BH10,-5.79,-12.27,-4.84,7.56
1795.0,0.33,-1752.93,0,BH10,-5.57,-9.05,-4.16,4.92
1795.0,0.33,-1762.95,0,BH10,-4.61,-8.5,3.3,7.55
1795.0,0.33,-1772.96,0,BH10,-3.22,-10.83,0.15,8.96
1795.0,0.33,-1782.98,0,BH10,-8.33,-14.74,0.84,5.2
1795.0,0.33,-1793.0,0,BH10,-5.35,-5.85,-4.0,-0.72
1795.0,0.33,-1803.02,0,BH10,-7.15,-12.55,3.65,5.57
1795.0,0.33,-1813.03,0,BH10,-3.95,-11.67,-0.18,8.35
1795.0,0.33,-1823.05,0,BH10,-7.13,-7.02,-2.18,9.2
1795.0,0.33,-1833.07,0,BH10,-6.9,-8.31,-1.26,8.16
1795.0,0.33,-1843.08,0,BH10,-10.55,-14.87,1.31,2.11
1795.0,0.33,-1853.1,0,BH10,-7.4,-14.24,0.22,6.06
1795.0,0.33,-1863.12,0,BH10,-4.84,-9.88,1.31,4.95
1795.0,0.33,-1873.13,0,BH10,-2.71,-10.59,-2.05,3.76
1795.0,0.33,-1883.15,0,BH10,-9.05,-9.37,-0.16,3.01
1795.0,0.33,-1893.17,0,BH10,-2.73,-14.15,0.56,2.85
1795.0,0.33,-1903.18,0,BH10,-9.24,-8.5,-2.72,5.73
1795.0,0.33,-1913.2,0,BH10,-5.98,-12.52,-2.29,4.28
1795.0,0.33,-1923.22,0,BH10,-9.21,-8.7,1.07,3.89
1795.0,0.33,-1933.23,0,BH10,-10.08,-8.78,1.67,-1.02
1795.0,0.33,-1943.25,0,BH10,-2.36,-10.5,-6.12,5.2
1795.0,0.33,-1953.27,0,BH10,-8.76,-14.27,2.63,5.87
1795.0,0.33,-1963.28,0,BH10,0.2,-13.3,2.47,6.64
1795.0,0.33,-1973.3,0,BH10,-7.41,-8.13,0.8,2.11
1795.0,0.33,-1983.32,0,BH10,-6.6,-10.85,-0.38,2.4
1795.0,0.33,-1993.33,0,BH10,-13.21,-12.49,-3.27,3.27
